time 2018-10-12 17:10:09
32_32_CENTRAL_RANDOM_LVSCV_SVLCV_thre0.1
robNum  32
taskNum  32
comp_threhold  0.1
rob2tskDis  30.4138126514911 25.317977802344327 16.0312195418814 24.020824298928627 41.72529209005013 24.186773244895647 44.64302857109943 59.54829972383762 53.23532661682466 50.93132631298737 47.16990566028302 18.681541692269406 21.095023109728988 26.627053911388696 18.601075237738275 24.08318915758459 34.48187929913333 39.35733730830886 64.03124237432849 33.37663853655727 20.615528128088304 46.51881339845203 70.00714249274856 26.40075756488817 22.20360331117452 41.48493702538308 49.76946855251722 21.02379604162864 56.43580423808985 25.709920264364882 23.769728648009426 57.688820407423826 30.4138126514911 25.317977802344327 16.0312195418814 24.020824298928627 41.72529209005013 24.186773244895647 44.64302857109943 59.54829972383762 53.23532661682466 50.93132631298737 47.16990566028302 18.681541692269406 21.095023109728988 26.627053911388696 18.601075237738275 24.08318915758459 34.48187929913333 39.35733730830886 64.03124237432849 33.37663853655727 20.615528128088304 46.51881339845203 70.00714249274856 26.40075756488817 22.20360331117452 41.48493702538308 49.76946855251722 21.02379604162864 56.43580423808985 25.709920264364882 23.769728648009426 57.688820407423826 30.4138126514911 25.317977802344327 16.0312195418814 24.020824298928627 41.72529209005013 24.186773244895647 44.64302857109943 59.54829972383762 53.23532661682466 50.93132631298737 47.16990566028302 18.681541692269406 21.095023109728988 26.627053911388696 18.601075237738275 24.08318915758459 34.48187929913333 39.35733730830886 64.03124237432849 33.37663853655727 20.615528128088304 46.51881339845203 70.00714249274856 26.40075756488817 22.20360331117452 41.48493702538308 49.76946855251722 21.02379604162864 56.43580423808985 25.709920264364882 23.769728648009426 57.688820407423826 30.4138126514911 25.317977802344327 16.0312195418814 24.020824298928627 41.72529209005013 24.186773244895647 44.64302857109943 59.54829972383762 53.23532661682466 50.93132631298737 47.16990566028302 18.681541692269406 21.095023109728988 26.627053911388696 18.601075237738275 24.08318915758459 34.48187929913333 39.35733730830886 64.03124237432849 33.37663853655727 20.615528128088304 46.51881339845203 70.00714249274856 26.40075756488817 22.20360331117452 41.48493702538308 49.76946855251722 21.02379604162864 56.43580423808985 25.709920264364882 23.769728648009426 57.688820407423826 30.4138126514911 25.317977802344327 16.0312195418814 24.020824298928627 41.72529209005013 24.186773244895647 44.64302857109943 59.54829972383762 53.23532661682466 50.93132631298737 47.16990566028302 18.681541692269406 21.095023109728988 26.627053911388696 18.601075237738275 24.08318915758459 34.48187929913333 39.35733730830886 64.03124237432849 33.37663853655727 20.615528128088304 46.51881339845203 70.00714249274856 26.40075756488817 22.20360331117452 41.48493702538308 49.76946855251722 21.02379604162864 56.43580423808985 25.709920264364882 23.769728648009426 57.688820407423826 30.4138126514911 25.317977802344327 16.0312195418814 24.020824298928627 41.72529209005013 24.186773244895647 44.64302857109943 59.54829972383762 53.23532661682466 50.93132631298737 47.16990566028302 18.681541692269406 21.095023109728988 26.627053911388696 18.601075237738275 24.08318915758459 34.48187929913333 39.35733730830886 64.03124237432849 33.37663853655727 20.615528128088304 46.51881339845203 70.00714249274856 26.40075756488817 22.20360331117452 41.48493702538308 49.76946855251722 21.02379604162864 56.43580423808985 25.709920264364882 23.769728648009426 57.688820407423826 30.4138126514911 25.317977802344327 16.0312195418814 24.020824298928627 41.72529209005013 24.186773244895647 44.64302857109943 59.54829972383762 53.23532661682466 50.93132631298737 47.16990566028302 18.681541692269406 21.095023109728988 26.627053911388696 18.601075237738275 24.08318915758459 34.48187929913333 39.35733730830886 64.03124237432849 33.37663853655727 20.615528128088304 46.51881339845203 70.00714249274856 26.40075756488817 22.20360331117452 41.48493702538308 49.76946855251722 21.02379604162864 56.43580423808985 25.709920264364882 23.769728648009426 57.688820407423826 30.4138126514911 25.317977802344327 16.0312195418814 24.020824298928627 41.72529209005013 24.186773244895647 44.64302857109943 59.54829972383762 53.23532661682466 50.93132631298737 47.16990566028302 18.681541692269406 21.095023109728988 26.627053911388696 18.601075237738275 24.08318915758459 34.48187929913333 39.35733730830886 64.03124237432849 33.37663853655727 20.615528128088304 46.51881339845203 70.00714249274856 26.40075756488817 22.20360331117452 41.48493702538308 49.76946855251722 21.02379604162864 56.43580423808985 25.709920264364882 23.769728648009426 57.688820407423826 30.4138126514911 25.317977802344327 16.0312195418814 24.020824298928627 41.72529209005013 24.186773244895647 44.64302857109943 59.54829972383762 53.23532661682466 50.93132631298737 47.16990566028302 18.681541692269406 21.095023109728988 26.627053911388696 18.601075237738275 24.08318915758459 34.48187929913333 39.35733730830886 64.03124237432849 33.37663853655727 20.615528128088304 46.51881339845203 70.00714249274856 26.40075756488817 22.20360331117452 41.48493702538308 49.76946855251722 21.02379604162864 56.43580423808985 25.709920264364882 23.769728648009426 57.688820407423826 30.4138126514911 25.317977802344327 16.0312195418814 24.020824298928627 41.72529209005013 24.186773244895647 44.64302857109943 59.54829972383762 53.23532661682466 50.93132631298737 47.16990566028302 18.681541692269406 21.095023109728988 26.627053911388696 18.601075237738275 24.08318915758459 34.48187929913333 39.35733730830886 64.03124237432849 33.37663853655727 20.615528128088304 46.51881339845203 70.00714249274856 26.40075756488817 22.20360331117452 41.48493702538308 49.76946855251722 21.02379604162864 56.43580423808985 25.709920264364882 23.769728648009426 57.688820407423826 30.4138126514911 25.317977802344327 16.0312195418814 24.020824298928627 41.72529209005013 24.186773244895647 44.64302857109943 59.54829972383762 53.23532661682466 50.93132631298737 47.16990566028302 18.681541692269406 21.095023109728988 26.627053911388696 18.601075237738275 24.08318915758459 34.48187929913333 39.35733730830886 64.03124237432849 33.37663853655727 20.615528128088304 46.51881339845203 70.00714249274856 26.40075756488817 22.20360331117452 41.48493702538308 49.76946855251722 21.02379604162864 56.43580423808985 25.709920264364882 23.769728648009426 57.688820407423826 30.4138126514911 25.317977802344327 16.0312195418814 24.020824298928627 41.72529209005013 24.186773244895647 44.64302857109943 59.54829972383762 53.23532661682466 50.93132631298737 47.16990566028302 18.681541692269406 21.095023109728988 26.627053911388696 18.601075237738275 24.08318915758459 34.48187929913333 39.35733730830886 64.03124237432849 33.37663853655727 20.615528128088304 46.51881339845203 70.00714249274856 26.40075756488817 22.20360331117452 41.48493702538308 49.76946855251722 21.02379604162864 56.43580423808985 25.709920264364882 23.769728648009426 57.688820407423826 30.4138126514911 25.317977802344327 16.0312195418814 24.020824298928627 41.72529209005013 24.186773244895647 44.64302857109943 59.54829972383762 53.23532661682466 50.93132631298737 47.16990566028302 18.681541692269406 21.095023109728988 26.627053911388696 18.601075237738275 24.08318915758459 34.48187929913333 39.35733730830886 64.03124237432849 33.37663853655727 20.615528128088304 46.51881339845203 70.00714249274856 26.40075756488817 22.20360331117452 41.48493702538308 49.76946855251722 21.02379604162864 56.43580423808985 25.709920264364882 23.769728648009426 57.688820407423826 30.4138126514911 25.317977802344327 16.0312195418814 24.020824298928627 41.72529209005013 24.186773244895647 44.64302857109943 59.54829972383762 53.23532661682466 50.93132631298737 47.16990566028302 18.681541692269406 21.095023109728988 26.627053911388696 18.601075237738275 24.08318915758459 34.48187929913333 39.35733730830886 64.03124237432849 33.37663853655727 20.615528128088304 46.51881339845203 70.00714249274856 26.40075756488817 22.20360331117452 41.48493702538308 49.76946855251722 21.02379604162864 56.43580423808985 25.709920264364882 23.769728648009426 57.688820407423826 30.4138126514911 25.317977802344327 16.0312195418814 24.020824298928627 41.72529209005013 24.186773244895647 44.64302857109943 59.54829972383762 53.23532661682466 50.93132631298737 47.16990566028302 18.681541692269406 21.095023109728988 26.627053911388696 18.601075237738275 24.08318915758459 34.48187929913333 39.35733730830886 64.03124237432849 33.37663853655727 20.615528128088304 46.51881339845203 70.00714249274856 26.40075756488817 22.20360331117452 41.48493702538308 49.76946855251722 21.02379604162864 56.43580423808985 25.709920264364882 23.769728648009426 57.688820407423826 30.4138126514911 25.317977802344327 16.0312195418814 24.020824298928627 41.72529209005013 24.186773244895647 44.64302857109943 59.54829972383762 53.23532661682466 50.93132631298737 47.16990566028302 18.681541692269406 21.095023109728988 26.627053911388696 18.601075237738275 24.08318915758459 34.48187929913333 39.35733730830886 64.03124237432849 33.37663853655727 20.615528128088304 46.51881339845203 70.00714249274856 26.40075756488817 22.20360331117452 41.48493702538308 49.76946855251722 21.02379604162864 56.43580423808985 25.709920264364882 23.769728648009426 57.688820407423826 30.4138126514911 25.317977802344327 16.0312195418814 24.020824298928627 41.72529209005013 24.186773244895647 44.64302857109943 59.54829972383762 53.23532661682466 50.93132631298737 47.16990566028302 18.681541692269406 21.095023109728988 26.627053911388696 18.601075237738275 24.08318915758459 34.48187929913333 39.35733730830886 64.03124237432849 33.37663853655727 20.615528128088304 46.51881339845203 70.00714249274856 26.40075756488817 22.20360331117452 41.48493702538308 49.76946855251722 21.02379604162864 56.43580423808985 25.709920264364882 23.769728648009426 57.688820407423826 30.4138126514911 25.317977802344327 16.0312195418814 24.020824298928627 41.72529209005013 24.186773244895647 44.64302857109943 59.54829972383762 53.23532661682466 50.93132631298737 47.16990566028302 18.681541692269406 21.095023109728988 26.627053911388696 18.601075237738275 24.08318915758459 34.48187929913333 39.35733730830886 64.03124237432849 33.37663853655727 20.615528128088304 46.51881339845203 70.00714249274856 26.40075756488817 22.20360331117452 41.48493702538308 49.76946855251722 21.02379604162864 56.43580423808985 25.709920264364882 23.769728648009426 57.688820407423826 30.4138126514911 25.317977802344327 16.0312195418814 24.020824298928627 41.72529209005013 24.186773244895647 44.64302857109943 59.54829972383762 53.23532661682466 50.93132631298737 47.16990566028302 18.681541692269406 21.095023109728988 26.627053911388696 18.601075237738275 24.08318915758459 34.48187929913333 39.35733730830886 64.03124237432849 33.37663853655727 20.615528128088304 46.51881339845203 70.00714249274856 26.40075756488817 22.20360331117452 41.48493702538308 49.76946855251722 21.02379604162864 56.43580423808985 25.709920264364882 23.769728648009426 57.688820407423826 30.4138126514911 25.317977802344327 16.0312195418814 24.020824298928627 41.72529209005013 24.186773244895647 44.64302857109943 59.54829972383762 53.23532661682466 50.93132631298737 47.16990566028302 18.681541692269406 21.095023109728988 26.627053911388696 18.601075237738275 24.08318915758459 34.48187929913333 39.35733730830886 64.03124237432849 33.37663853655727 20.615528128088304 46.51881339845203 70.00714249274856 26.40075756488817 22.20360331117452 41.48493702538308 49.76946855251722 21.02379604162864 56.43580423808985 25.709920264364882 23.769728648009426 57.688820407423826 30.4138126514911 25.317977802344327 16.0312195418814 24.020824298928627 41.72529209005013 24.186773244895647 44.64302857109943 59.54829972383762 53.23532661682466 50.93132631298737 47.16990566028302 18.681541692269406 21.095023109728988 26.627053911388696 18.601075237738275 24.08318915758459 34.48187929913333 39.35733730830886 64.03124237432849 33.37663853655727 20.615528128088304 46.51881339845203 70.00714249274856 26.40075756488817 22.20360331117452 41.48493702538308 49.76946855251722 21.02379604162864 56.43580423808985 25.709920264364882 23.769728648009426 57.688820407423826 30.4138126514911 25.317977802344327 16.0312195418814 24.020824298928627 41.72529209005013 24.186773244895647 44.64302857109943 59.54829972383762 53.23532661682466 50.93132631298737 47.16990566028302 18.681541692269406 21.095023109728988 26.627053911388696 18.601075237738275 24.08318915758459 34.48187929913333 39.35733730830886 64.03124237432849 33.37663853655727 20.615528128088304 46.51881339845203 70.00714249274856 26.40075756488817 22.20360331117452 41.48493702538308 49.76946855251722 21.02379604162864 56.43580423808985 25.709920264364882 23.769728648009426 57.688820407423826 30.4138126514911 25.317977802344327 16.0312195418814 24.020824298928627 41.72529209005013 24.186773244895647 44.64302857109943 59.54829972383762 53.23532661682466 50.93132631298737 47.16990566028302 18.681541692269406 21.095023109728988 26.627053911388696 18.601075237738275 24.08318915758459 34.48187929913333 39.35733730830886 64.03124237432849 33.37663853655727 20.615528128088304 46.51881339845203 70.00714249274856 26.40075756488817 22.20360331117452 41.48493702538308 49.76946855251722 21.02379604162864 56.43580423808985 25.709920264364882 23.769728648009426 57.688820407423826 30.4138126514911 25.317977802344327 16.0312195418814 24.020824298928627 41.72529209005013 24.186773244895647 44.64302857109943 59.54829972383762 53.23532661682466 50.93132631298737 47.16990566028302 18.681541692269406 21.095023109728988 26.627053911388696 18.601075237738275 24.08318915758459 34.48187929913333 39.35733730830886 64.03124237432849 33.37663853655727 20.615528128088304 46.51881339845203 70.00714249274856 26.40075756488817 22.20360331117452 41.48493702538308 49.76946855251722 21.02379604162864 56.43580423808985 25.709920264364882 23.769728648009426 57.688820407423826 30.4138126514911 25.317977802344327 16.0312195418814 24.020824298928627 41.72529209005013 24.186773244895647 44.64302857109943 59.54829972383762 53.23532661682466 50.93132631298737 47.16990566028302 18.681541692269406 21.095023109728988 26.627053911388696 18.601075237738275 24.08318915758459 34.48187929913333 39.35733730830886 64.03124237432849 33.37663853655727 20.615528128088304 46.51881339845203 70.00714249274856 26.40075756488817 22.20360331117452 41.48493702538308 49.76946855251722 21.02379604162864 56.43580423808985 25.709920264364882 23.769728648009426 57.688820407423826 30.4138126514911 25.317977802344327 16.0312195418814 24.020824298928627 41.72529209005013 24.186773244895647 44.64302857109943 59.54829972383762 53.23532661682466 50.93132631298737 47.16990566028302 18.681541692269406 21.095023109728988 26.627053911388696 18.601075237738275 24.08318915758459 34.48187929913333 39.35733730830886 64.03124237432849 33.37663853655727 20.615528128088304 46.51881339845203 70.00714249274856 26.40075756488817 22.20360331117452 41.48493702538308 49.76946855251722 21.02379604162864 56.43580423808985 25.709920264364882 23.769728648009426 57.688820407423826 30.4138126514911 25.317977802344327 16.0312195418814 24.020824298928627 41.72529209005013 24.186773244895647 44.64302857109943 59.54829972383762 53.23532661682466 50.93132631298737 47.16990566028302 18.681541692269406 21.095023109728988 26.627053911388696 18.601075237738275 24.08318915758459 34.48187929913333 39.35733730830886 64.03124237432849 33.37663853655727 20.615528128088304 46.51881339845203 70.00714249274856 26.40075756488817 22.20360331117452 41.48493702538308 49.76946855251722 21.02379604162864 56.43580423808985 25.709920264364882 23.769728648009426 57.688820407423826 30.4138126514911 25.317977802344327 16.0312195418814 24.020824298928627 41.72529209005013 24.186773244895647 44.64302857109943 59.54829972383762 53.23532661682466 50.93132631298737 47.16990566028302 18.681541692269406 21.095023109728988 26.627053911388696 18.601075237738275 24.08318915758459 34.48187929913333 39.35733730830886 64.03124237432849 33.37663853655727 20.615528128088304 46.51881339845203 70.00714249274856 26.40075756488817 22.20360331117452 41.48493702538308 49.76946855251722 21.02379604162864 56.43580423808985 25.709920264364882 23.769728648009426 57.688820407423826 30.4138126514911 25.317977802344327 16.0312195418814 24.020824298928627 41.72529209005013 24.186773244895647 44.64302857109943 59.54829972383762 53.23532661682466 50.93132631298737 47.16990566028302 18.681541692269406 21.095023109728988 26.627053911388696 18.601075237738275 24.08318915758459 34.48187929913333 39.35733730830886 64.03124237432849 33.37663853655727 20.615528128088304 46.51881339845203 70.00714249274856 26.40075756488817 22.20360331117452 41.48493702538308 49.76946855251722 21.02379604162864 56.43580423808985 25.709920264364882 23.769728648009426 57.688820407423826 30.4138126514911 25.317977802344327 16.0312195418814 24.020824298928627 41.72529209005013 24.186773244895647 44.64302857109943 59.54829972383762 53.23532661682466 50.93132631298737 47.16990566028302 18.681541692269406 21.095023109728988 26.627053911388696 18.601075237738275 24.08318915758459 34.48187929913333 39.35733730830886 64.03124237432849 33.37663853655727 20.615528128088304 46.51881339845203 70.00714249274856 26.40075756488817 22.20360331117452 41.48493702538308 49.76946855251722 21.02379604162864 56.43580423808985 25.709920264364882 23.769728648009426 57.688820407423826 30.4138126514911 25.317977802344327 16.0312195418814 24.020824298928627 41.72529209005013 24.186773244895647 44.64302857109943 59.54829972383762 53.23532661682466 50.93132631298737 47.16990566028302 18.681541692269406 21.095023109728988 26.627053911388696 18.601075237738275 24.08318915758459 34.48187929913333 39.35733730830886 64.03124237432849 33.37663853655727 20.615528128088304 46.51881339845203 70.00714249274856 26.40075756488817 22.20360331117452 41.48493702538308 49.76946855251722 21.02379604162864 56.43580423808985 25.709920264364882 23.769728648009426 57.688820407423826 30.4138126514911 25.317977802344327 16.0312195418814 24.020824298928627 41.72529209005013 24.186773244895647 44.64302857109943 59.54829972383762 53.23532661682466 50.93132631298737 47.16990566028302 18.681541692269406 21.095023109728988 26.627053911388696 18.601075237738275 24.08318915758459 34.48187929913333 39.35733730830886 64.03124237432849 33.37663853655727 20.615528128088304 46.51881339845203 70.00714249274856 26.40075756488817 22.20360331117452 41.48493702538308 49.76946855251722 21.02379604162864 56.43580423808985 25.709920264364882 23.769728648009426 57.688820407423826
tskDis  0.0 55.02726596879042 28.071337695236398 29.732137494637012 58.240879114244144 38.07886552931954 74.67261881037788 76.21679604916491 74.81310045707235 67.35725647619564 40.22437072223753 45.89117562233506 29.832867780352597 37.94733192202055 12.36931687685298 45.48626166217664 46.8187996428785 49.658836071740545 38.27531841800928 51.894122981316485 19.6468827043885 76.92203845452875 99.48869282486326 56.60388679233962 28.460498941515414 67.06713054842886 73.17103251970687 51.42956348249516 65.19202405202648 55.71355310873648 49.25444142409901 87.98295289429652 55.02726596879042 0.0 31.240998703626616 36.87817782917155 34.23448553724738 40.718546143004666 19.697715603592208 47.4236228055175 36.40054944640259 40.80441152620633 58.66856057549052 11.40175425099138 33.97057550292606 43.86342439892262 42.720018726587654 33.60059523282288 34.92849839314596 39.6232255123179 84.50443775329198 41.72529209005013 40.22437072223753 23.345235059857504 51.478150704935004 12.649110640673518 43.93176527297759 21.213203435596427 31.144823004794873 7.810249675906654 53.08483775994799 2.0 13.341664064126334 36.235341863986875 28.071337695236398 31.240998703626616 0.0 8.0 31.304951684997057 39.21734310225516 50.47771785649585 49.64876634922564 46.87216658103186 40.70626487409524 31.400636936215164 20.248456731316587 5.0990195135927845 41.23105625617661 16.76305461424021 40.11234224026316 21.2602916254693 25.495097567963924 53.2634959423431 49.36598018878993 9.486832980505138 54.56189146281496 81.40024569987489 37.73592452822641 34.66987164671943 39.319206502675 45.09988913511872 30.805843601498726 42.638011210655684 32.55764119219941 22.135943621178654 67.17886572427373 29.732137494637012 36.87817782917155 8.0 0.0 28.635642126552707 46.84015371452148 55.31726674375732 46.486557196677836 46.010868281309364 37.64306044943742 23.53720459187964 25.495097567963924 3.1622776601683795 48.703182647543684 20.615528128088304 48.093658625644196 17.08800749063506 20.248456731316587 48.54894437575342 57.3149195236284 10.295630140987 60.14149981501958 87.92041856133307 44.721359549995796 41.593268686170845 41.10960958218893 45.27692569068709 37.589892258425 36.796738985948195 38.41874542459709 25.80697580112788 73.10950690573696 58.240879114244144 34.23448553724738 31.304951684997057 28.635642126552707 0.0 65.43699259593154 44.27188724235731 18.35755975068582 18.681541692269406 9.433981132056603 37.12142238654117 27.313000567495326 28.460498941515414 68.11754546370561 47.92702786528704 62.26556030423239 12.0 12.083045973594572 71.84010022264724 71.58910531638176 38.600518131237564 51.66236541235796 81.74350127074322 46.69047011971501 63.702433234531945 21.95449840010015 20.248456731316587 40.26164427839479 19.026297590440446 36.22154055254967 22.135943621178654 64.8459713474939 38.07886552931954 40.718546143004666 39.21734310225516 46.84015371452148 65.43699259593154 0.0 55.731499172371095 82.75868534480233 74.81310045707235 74.41102068914255 68.46897107449476 39.698866482558415 44.27188724235731 3.1622776601683795 32.14031735997639 10.44030650891055 58.66856057549052 63.52952069707436 76.32168761236873 13.892443989449804 40.19950248448356 54.00925846556311 68.0294054067798 33.37663853655727 10.0 61.05735008989499 70.45565981523414 33.24154027718932 80.62257748298549 39.92492955535426 45.34313619501854 61.0 74.67261881037788 19.697715603592208 50.47771785649585 55.31726674375732 44.27188724235731 55.731499172371095 0.0 51.03920062069938 37.21558813185679 47.38143096192854 75.43208866258443 30.23243291566195 52.630789467763066 58.855755878248644 62.39390995922599 46.57252408878007 49.39635614091387 53.23532661682466 103.60019305001319 52.392747589718944 59.682493245507096 8.06225774829855 37.656340767525464 22.360679774997898 61.00819617067857 23.194827009486403 31.144823004794873 24.186773244895647 62.81719509815764 18.973665961010276 29.698484809834994 20.615528128088304 76.21679604916491 47.4236228055175 49.64876634922564 46.486557196677836 18.35755975068582 82.75868534480233 51.03920062069938 0.0 14.142135623730951 8.94427190999916 49.64876634922564 43.41658669218482 46.61544808322666 85.56284240252891 66.2117814289874 78.60025445251433 29.410882339705484 27.294688127912362 85.70880934886448 87.65842800324451 56.64803615307419 59.07622195096772 88.14193099768123 60.00833275470999 81.68843247363729 28.442925306655784 20.024984394500787 54.589376255824725 19.72308292331602 49.24428900898052 37.8021163428716 71.06335201775947 74.81310045707235 36.40054944640259 46.87216658103186 46.010868281309364 18.681541692269406 74.81310045707235 37.21558813185679 14.142135623730951 0.0 14.142135623730951 55.54277630799526 35.22782990761707 45.17742799230607 77.80102827083971 63.56099432828282 69.29646455628166 30.4138126514911 30.675723300355934 90.52071586106685 77.89736837660179 55.326304774492215 45.27692569068709 74.06078584514209 48.54894437575342 75.29276193632427 15.652475842498529 6.082762530298219 44.04543109109048 30.610455730027933 38.01315561749642 29.68164415931166 57.0087712549569 67.35725647619564 40.80441152620633 40.70626487409524 37.64306044943742 9.433981132056603 74.41102068914255 47.38143096192854 8.94427190999916 14.142135623730951 0.0 42.720018726587654 35.510561809129406 37.69615364994153 77.15568676384133 57.271284253105414 70.7248188403477 20.615528128088304 19.0 78.44743462982075 79.92496481075234 47.75981574503821 55.226805085936306 85.0 53.45091205957107 73.0 24.186773244895647 18.35755975068582 47.53945729601885 16.64331697709324 42.720018726587654 30.01666203960727 67.89698078707183 40.22437072223753 58.66856057549052 31.400636936215164 23.53720459187964 37.12142238654117 68.46897107449476 75.43208866258443 49.64876634922564 55.54277630799526 42.720018726587654 0.0 47.41307836451879 26.68332812825267 69.87131027825369 37.64306044943742 71.02816342831905 27.018512172212592 25.059928172283335 36.124783736376884 80.00624975587844 28.284271247461902 81.27115109311545 110.14535850411491 67.77905281132217 61.61168720299745 56.85068161420758 57.30619512757761 60.53924347066124 32.0624390837628 60.41522986797286 46.04345773288535 94.57801012920498 45.89117562233506 11.40175425099138 20.248456731316587 25.495097567963924 27.313000567495326 39.698866482558415 30.23243291566195 43.41658669218482 35.22782990761707 35.510561809129406 47.41307836451879 0.0 22.627416997969522 42.638011210655684 33.54101966249684 35.22782990761707 25.019992006393608 30.0 73.40980860893181 44.41846462902562 29.5296461204668 34.655446902326915 62.76941930590086 21.213203435596427 40.24922359499622 22.80350850198276 31.304951684997057 14.035668847618199 45.12205669071391 13.038404810405298 5.656854249492381 47.634021455258214 29.832867780352597 33.97057550292606 5.0990195135927845 3.1622776601683795 28.460498941515414 44.27188724235731 52.630789467763066 46.61544808322666 45.17742799230607 37.69615364994153 26.68332812825267 22.627416997969522 0.0 46.238512086787566 19.72308292331602 45.17742799230607 17.4928556845359 21.2602916254693 51.03920062069938 54.45181356024793 10.198039027185569 57.28001396647874 84.87638069569178 41.593268686170845 39.44616584663204 39.293765408777 44.04543109109048 34.48187929913333 38.2099463490856 35.4682957019364 23.323807579381203 70.178344238091 37.94733192202055 43.86342439892262 41.23105625617661 48.703182647543684 68.11754546370561 3.1622776601683795 58.855755878248644 85.56284240252891 77.80102827083971 77.15568676384133 69.87131027825369 42.638011210655684 46.238512086787566 0.0 33.0 13.152946437965905 61.05735008989499 65.86349520030045 76.21679604916491 14.866068747318506 41.593268686170845 57.0350769263968 70.3846574190711 36.49657518178932 9.486832980505138 64.1404708432983 73.49829930005184 36.40054944640259 83.00602387778854 43.08131845707603 48.27007354458868 63.788713735268246 12.36931687685298 42.720018726587654 16.76305461424021 20.615528128088304 47.92702786528704 32.14031735997639 62.39390995922599 66.2117814289874 63.56099432828282 57.271284253105414 37.64306044943742 33.54101966249684 19.72308292331602 33.0 0.0 37.33630940518894 37.21558813185679 40.80441152620633 46.32493928760188 45.12205669071391 10.63014581273465 64.88451279003334 88.45903006477066 45.0 24.186773244895647 55.0 61.5223536610881 39.44616584663204 57.38466694161429 43.46262762420146 37.05401462729781 76.27581530209953 45.48626166217664 33.60059523282288 40.11234224026316 48.093658625644196 62.26556030423239 10.44030650891055 46.57252408878007 78.60025445251433 69.29646455628166 70.7248188403477 71.02816342831905 35.22782990761707 45.17742799230607 13.152946437965905 37.33630940518894 0.0 57.245087125446844 62.297672508690084 83.18653737234169 9.486832980505138 43.41658669218482 44.181444068749045 57.697486947006624 24.351591323771842 19.4164878389476 54.67174773134658 64.4437739428721 25.80697580112788 78.92401408950256 32.449961479175904 40.80441152620633 50.635955604688654 46.8187996428785 34.92849839314596 21.2602916254693 17.08800749063506 12.0 58.66856057549052 49.39635614091387 29.410882339705484 30.4138126514911 20.615528128088304 27.018512172212592 25.019992006393608 17.4928556845359 61.05735008989499 37.21558813185679 57.245087125446844 0.0 5.0990195135927845 60.40695324215582 66.73080248281148 27.313000567495326 55.90169943749474 85.61541917201598 46.17358552246078 55.44366510251645 29.832867780352597 31.016124838541646 39.05124837953327 21.95449840010015 36.87817782917155 21.587033144922902 69.31810730249349 49.658836071740545 39.6232255123179 25.495097567963924 20.248456731316587 12.083045973594572 63.52952069707436 53.23532661682466 27.294688127912362 30.675723300355934 19.0 25.059928172283335 30.0 21.2602916254693 65.86349520030045 40.80441152620633 62.297672508690084 5.0990195135927845 0.0 59.90826320300064 71.78439941937245 30.528675044947494 60.00833275470999 89.88882021697692 51.088159097779204 60.0 32.55764119219941 32.2490309931942 44.01136216933077 17.204650534085253 41.593268686170845 26.30589287593181 73.40980860893181 38.27531841800928 84.50443775329198 53.2634959423431 48.54894437575342 71.84010022264724 76.32168761236873 103.60019305001319 85.70880934886448 90.52071586106685 78.44743462982075 36.124783736376884 73.40980860893181 51.03920062069938 76.21679604916491 46.32493928760188 83.18653737234169 60.40695324215582 59.90826320300064 0.0 90.07774419910837 44.553338819890925 107.81465577554843 133.79461872586654 89.87213138676528 66.73080248281148 89.0 91.4166286842826 83.43860018001261 68.00735254367721 85.7962703152066 74.33034373659252 120.28299963003916 51.894122981316485 41.72529209005013 49.36598018878993 57.3149195236284 71.58910531638176 13.892443989449804 52.392747589718944 87.65842800324451 77.89736837660179 79.92496481075234 80.00624975587844 44.41846462902562 54.45181356024793 14.866068747318506 45.12205669071391 9.486832980505138 66.73080248281148 71.78439941937245 90.07774419910837 0.0 52.08646657242167 48.76474136094644 57.28001396647874 31.064449134018133 23.853720883753127 62.93647591023825 72.83543093852057 33.94112549695428 88.3911760301898 40.36087214122113 49.92995093127971 53.009433122794285 19.6468827043885 40.22437072223753 9.486832980505138 10.295630140987 38.600518131237564 40.19950248448356 59.682493245507096 56.64803615307419 55.326304774492215 47.75981574503821 28.284271247461902 29.5296461204668 10.198039027185569 41.593268686170845 10.63014581273465 43.41658669218482 27.313000567495326 30.528675044947494 44.553338819890925 52.08646657242167 0.0 63.41135544995076 89.37561188601732 45.45327270945405 33.52610922848042 48.662100242385755 54.0 38.897300677553446 46.861498055439924 41.400483088968905 31.622776601683793 75.7429864739964 76.92203845452875 23.345235059857504 54.56189146281496 60.14149981501958 51.66236541235796 54.00925846556311 8.06225774829855 59.07622195096772 45.27692569068709 55.226805085936306 81.27115109311545 34.655446902326915 57.28001396647874 57.0350769263968 64.88451279003334 44.181444068749045 55.90169943749474 60.00833275470999 107.81465577554843 48.76474136094644 63.41135544995076 0.0 30.083217912982647 21.37755832643195 60.40695324215582 31.064449134018133 39.20459156782532 25.495097567963924 70.40596565632774 22.02271554554524 35.22782990761707 13.416407864998739 99.48869282486326 51.478150704935004 81.40024569987489 87.92041856133307 81.74350127074322 68.0294054067798 37.656340767525464 88.14193099768123 74.06078584514209 85.0 110.14535850411491 62.76941930590086 84.87638069569178 70.3846574190711 88.45903006477066 57.697486947006624 85.61541917201598 89.88882021697692 133.79461872586654 57.28001396647874 89.37561188601732 30.083217912982647 0.0 43.93176527297759 76.94153624668537 60.8276253029822 68.11754546370561 50.60632371551998 100.43903623591775 49.73932046178355 64.40496875241847 17.11724276862369 56.60388679233962 12.649110640673518 37.73592452822641 44.721359549995796 46.69047011971501 33.37663853655727 22.360679774997898 60.00833275470999 48.54894437575342 53.45091205957107 67.77905281132217 21.213203435596427 41.593268686170845 36.49657518178932 45.0 24.351591323771842 46.17358552246078 51.088159097779204 89.87213138676528 31.064449134018133 45.45327270945405 21.37755832643195 43.93176527297759 0.0 39.11521443121589 33.015148038438355 43.01162633521314 7.280109889280518 65.37583651472461 10.770329614269007 25.019992006393608 31.38470965295043 28.460498941515414 43.93176527297759 34.66987164671943 41.593268686170845 63.702433234531945 10.0 61.00819617067857 81.68843247363729 75.29276193632427 73.0 61.61168720299745 40.24922359499622 39.44616584663204 9.486832980505138 24.186773244895647 19.4164878389476 55.44366510251645 60.0 66.73080248281148 23.853720883753127 33.52610922848042 60.40695324215582 76.94153624668537 39.11521443121589 0.0 62.76941930590086 71.55417527999327 37.21558813185679 77.20103626247513 43.56604182158393 45.65084884205331 68.6804193347711 67.06713054842886 21.213203435596427 39.319206502675 41.10960958218893 21.95449840010015 61.05735008989499 23.194827009486403 28.442925306655784 15.652475842498529 24.186773244895647 56.85068161420758 22.80350850198276 39.293765408777 64.1404708432983 55.0 54.67174773134658 29.832867780352597 32.55764119219941 89.0 62.93647591023825 48.662100242385755 31.064449134018133 60.8276253029822 33.015148038438355 62.76941930590086 0.0 10.0 29.0 39.84971769034255 22.67156809750927 18.110770276274835 43.73785545725808 73.17103251970687 31.144823004794873 45.09988913511872 45.27692569068709 20.248456731316587 70.45565981523414 31.144823004794873 20.024984394500787 6.082762530298219 18.35755975068582 57.30619512757761 31.304951684997057 44.04543109109048 73.49829930005184 61.5223536610881 64.4437739428721 31.016124838541646 32.2490309931942 91.4166286842826 72.83543093852057 54.0 39.20459156782532 68.11754546370561 43.01162633521314 71.55417527999327 10.0 0.0 38.897300677553446 34.9857113690718 32.64965543462902 26.0 51.03920062069938 51.42956348249516 7.810249675906654 30.805843601498726 37.589892258425 40.26164427839479 33.24154027718932 24.186773244895647 54.589376255824725 44.04543109109048 47.53945729601885 60.53924347066124 14.035668847618199 34.48187929913333 36.40054944640259 39.44616584663204 25.80697580112788 39.05124837953327 44.01136216933077 83.43860018001261 33.94112549695428 38.897300677553446 25.495097567963924 50.60632371551998 7.280109889280518 37.21558813185679 29.0 38.897300677553446 0.0 58.69412236331676 6.708203932499369 18.24828759089466 37.013511046643494 65.19202405202648 53.08483775994799 42.638011210655684 36.796738985948195 19.026297590440446 80.62257748298549 62.81719509815764 19.72308292331602 30.610455730027933 16.64331697709324 32.0624390837628 45.12205669071391 38.2099463490856 83.00602387778854 57.38466694161429 78.92401408950256 21.95449840010015 17.204650534085253 68.00735254367721 88.3911760301898 46.861498055439924 70.40596565632774 100.43903623591775 65.37583651472461 77.20103626247513 39.84971769034255 34.9857113690718 58.69412236331676 0.0 55.08175741568164 40.44749683231337 83.43260753446461 55.71355310873648 2.0 32.55764119219941 38.41874542459709 36.22154055254967 39.92492955535426 18.973665961010276 49.24428900898052 38.01315561749642 42.720018726587654 60.41522986797286 13.038404810405298 35.4682957019364 43.08131845707603 43.46262762420146 32.449961479175904 36.87817782917155 41.593268686170845 85.7962703152066 40.36087214122113 41.400483088968905 22.02271554554524 49.73932046178355 10.770329614269007 43.56604182158393 22.67156809750927 32.64965543462902 6.708203932499369 55.08175741568164 0.0 15.297058540778355 34.713109915419565 49.25444142409901 13.341664064126334 22.135943621178654 25.80697580112788 22.135943621178654 45.34313619501854 29.698484809834994 37.8021163428716 29.68164415931166 30.01666203960727 46.04345773288535 5.656854249492381 23.323807579381203 48.27007354458868 37.05401462729781 40.80441152620633 21.587033144922902 26.30589287593181 74.33034373659252 49.92995093127971 31.622776601683793 35.22782990761707 64.40496875241847 25.019992006393608 45.65084884205331 18.110770276274835 26.0 18.24828759089466 40.44749683231337 15.297058540778355 0.0 48.54894437575342 87.98295289429652 36.235341863986875 67.17886572427373 73.10950690573696 64.8459713474939 61.0 20.615528128088304 71.06335201775947 57.0087712549569 67.89698078707183 94.57801012920498 47.634021455258214 70.178344238091 63.788713735268246 76.27581530209953 50.635955604688654 69.31810730249349 73.40980860893181 120.28299963003916 53.009433122794285 75.7429864739964 13.416407864998739 17.11724276862369 31.38470965295043 68.6804193347711 43.73785545725808 51.03920062069938 37.013511046643494 83.43260753446461 34.713109915419565 48.54894437575342 0.0

rob_x  50 50 50 50 50 50 50 50 50 50 50 50 50 50 50 50 50 50 50 50 50 50 50 50 50 50 50 50 50 50 50 50
rob_y  50 50 50 50 50 50 50 50 50 50 50 50 50 50 50 50 50 50 50 50 50 50 50 50 50 50 50 50 50 50 50 50
rob_vel  1 1 1 1 1 1 1 1 1 1 1 1 1 1 1 1 1 1 1 1 1 1 1 1 1 1 1 1 1 1 1 1
rob_abi  0.3701539774707947 1.6358297907408605 0.4469886069279311 1.6239467526731752 1.1349267665647698 0.2142464774259084 1.9683293287908628 1.2374173512028184 1.7077664125325922 1.256321659655012 0.47498425325147076 1.3133904582631422 1.473709314494979 0.39997950147655564 0.4696420323992658 1.150738152572075 1.4365877986384488 0.608551857065024 1.767132536575651 1.8994700760023933 1.2060073277927348 1.33461134657776 1.4307656717154276 1.5301493283821197 0.278648702098786 1.6609454298599475 0.5742502667380742 1.2611202632051954 1.3048116690780458 1.2343556569149716 0.9084391442574751 0.5805354923413357

tsk_x  23 75 51 51 79 38 93 95 97 87 46 68 52 35 35 48 67 68 10 45 42 92 100 71 32 90 96 69 78 75 72 98
tsk_y  36 54 34 26 20 71 62 11 25 15 3 45 29 72 39 74 20 15 0 83 31 70 99 66 63 39 31 59 1 56 41 82
tsk_rat  0.025062435031776152 0.17913738006118082 0.11948187932902873 0.11472933704374963 0.07761745738954473 0.1122079600750722 0.03523634902720783 0.12684706365458004 0.04997881177870875 0.19540222969347917 0.042099166332425726 0.09330001584557678 0.17016016747767274 0.10741851105104103 0.07471011986920201 0.13039655383673318 0.1467087616499139 0.03056353994094841 0.11378766019499474 0.09043180783333711 0.11595032501678386 0.1183162570685082 0.1400668793352372 0.10295297372767667 0.13807913568240993 0.11029797921689213 0.11099488936499838 0.1320198445984268 0.0944397767998535 0.11087633819732934 0.15190526879925792 0.13887090446085537
tsk_state  1 1 1 1 1 1 1 1 1 1 1 1 1 1 1 1 1 1 1 1 1 1 1 1 1 1 1 1 1 1 1 1
