time 2018-10-12 17:10:09
32_32_ECCENTRIC_RANDOM_QUADRANT_QUADRANT_thre0.1
robNum  32
taskNum  32
comp_threhold  0.1
rob2tskDis  97.41663102366043 91.00549433962765 84.02380615040002 35.510561809129406 127.66362050325849 62.76941930590086 68.96375859826666 56.938563381947034 59.21148537234985 127.91403363196706 32.64965543462902 104.65180361560904 42.720018726587654 80.02499609497022 20.223748416156685 59.53990258641679 37.8549864614954 112.29425630903836 66.76076692189807 94.04786015641186 87.45856161634491 63.51377803280167 78.85429601486528 73.79024325749306 98.41239759298622 66.49060083951716 72.00694410957877 83.00602387778854 113.84638773364749 46.06517122512408 76.90253571892151 47.80167361086848 97.41663102366043 91.00549433962765 84.02380615040002 35.510561809129406 127.66362050325849 62.76941930590086 68.96375859826666 56.938563381947034 59.21148537234985 127.91403363196706 32.64965543462902 104.65180361560904 42.720018726587654 80.02499609497022 20.223748416156685 59.53990258641679 37.8549864614954 112.29425630903836 66.76076692189807 94.04786015641186 87.45856161634491 63.51377803280167 78.85429601486528 73.79024325749306 98.41239759298622 66.49060083951716 72.00694410957877 83.00602387778854 113.84638773364749 46.06517122512408 76.90253571892151 47.80167361086848 97.41663102366043 91.00549433962765 84.02380615040002 35.510561809129406 127.66362050325849 62.76941930590086 68.96375859826666 56.938563381947034 59.21148537234985 127.91403363196706 32.64965543462902 104.65180361560904 42.720018726587654 80.02499609497022 20.223748416156685 59.53990258641679 37.8549864614954 112.29425630903836 66.76076692189807 94.04786015641186 87.45856161634491 63.51377803280167 78.85429601486528 73.79024325749306 98.41239759298622 66.49060083951716 72.00694410957877 83.00602387778854 113.84638773364749 46.06517122512408 76.90253571892151 47.80167361086848 97.41663102366043 91.00549433962765 84.02380615040002 35.510561809129406 127.66362050325849 62.76941930590086 68.96375859826666 56.938563381947034 59.21148537234985 127.91403363196706 32.64965543462902 104.65180361560904 42.720018726587654 80.02499609497022 20.223748416156685 59.53990258641679 37.8549864614954 112.29425630903836 66.76076692189807 94.04786015641186 87.45856161634491 63.51377803280167 78.85429601486528 73.79024325749306 98.41239759298622 66.49060083951716 72.00694410957877 83.00602387778854 113.84638773364749 46.06517122512408 76.90253571892151 47.80167361086848 97.41663102366043 91.00549433962765 84.02380615040002 35.510561809129406 127.66362050325849 62.76941930590086 68.96375859826666 56.938563381947034 59.21148537234985 127.91403363196706 32.64965543462902 104.65180361560904 42.720018726587654 80.02499609497022 20.223748416156685 59.53990258641679 37.8549864614954 112.29425630903836 66.76076692189807 94.04786015641186 87.45856161634491 63.51377803280167 78.85429601486528 73.79024325749306 98.41239759298622 66.49060083951716 72.00694410957877 83.00602387778854 113.84638773364749 46.06517122512408 76.90253571892151 47.80167361086848 97.41663102366043 91.00549433962765 84.02380615040002 35.510561809129406 127.66362050325849 62.76941930590086 68.96375859826666 56.938563381947034 59.21148537234985 127.91403363196706 32.64965543462902 104.65180361560904 42.720018726587654 80.02499609497022 20.223748416156685 59.53990258641679 37.8549864614954 112.29425630903836 66.76076692189807 94.04786015641186 87.45856161634491 63.51377803280167 78.85429601486528 73.79024325749306 98.41239759298622 66.49060083951716 72.00694410957877 83.00602387778854 113.84638773364749 46.06517122512408 76.90253571892151 47.80167361086848 97.41663102366043 91.00549433962765 84.02380615040002 35.510561809129406 127.66362050325849 62.76941930590086 68.96375859826666 56.938563381947034 59.21148537234985 127.91403363196706 32.64965543462902 104.65180361560904 42.720018726587654 80.02499609497022 20.223748416156685 59.53990258641679 37.8549864614954 112.29425630903836 66.76076692189807 94.04786015641186 87.45856161634491 63.51377803280167 78.85429601486528 73.79024325749306 98.41239759298622 66.49060083951716 72.00694410957877 83.00602387778854 113.84638773364749 46.06517122512408 76.90253571892151 47.80167361086848 97.41663102366043 91.00549433962765 84.02380615040002 35.510561809129406 127.66362050325849 62.76941930590086 68.96375859826666 56.938563381947034 59.21148537234985 127.91403363196706 32.64965543462902 104.65180361560904 42.720018726587654 80.02499609497022 20.223748416156685 59.53990258641679 37.8549864614954 112.29425630903836 66.76076692189807 94.04786015641186 87.45856161634491 63.51377803280167 78.85429601486528 73.79024325749306 98.41239759298622 66.49060083951716 72.00694410957877 83.00602387778854 113.84638773364749 46.06517122512408 76.90253571892151 47.80167361086848 97.41663102366043 91.00549433962765 84.02380615040002 35.510561809129406 127.66362050325849 62.76941930590086 68.96375859826666 56.938563381947034 59.21148537234985 127.91403363196706 32.64965543462902 104.65180361560904 42.720018726587654 80.02499609497022 20.223748416156685 59.53990258641679 37.8549864614954 112.29425630903836 66.76076692189807 94.04786015641186 87.45856161634491 63.51377803280167 78.85429601486528 73.79024325749306 98.41239759298622 66.49060083951716 72.00694410957877 83.00602387778854 113.84638773364749 46.06517122512408 76.90253571892151 47.80167361086848 97.41663102366043 91.00549433962765 84.02380615040002 35.510561809129406 127.66362050325849 62.76941930590086 68.96375859826666 56.938563381947034 59.21148537234985 127.91403363196706 32.64965543462902 104.65180361560904 42.720018726587654 80.02499609497022 20.223748416156685 59.53990258641679 37.8549864614954 112.29425630903836 66.76076692189807 94.04786015641186 87.45856161634491 63.51377803280167 78.85429601486528 73.79024325749306 98.41239759298622 66.49060083951716 72.00694410957877 83.00602387778854 113.84638773364749 46.06517122512408 76.90253571892151 47.80167361086848 97.41663102366043 91.00549433962765 84.02380615040002 35.510561809129406 127.66362050325849 62.76941930590086 68.96375859826666 56.938563381947034 59.21148537234985 127.91403363196706 32.64965543462902 104.65180361560904 42.720018726587654 80.02499609497022 20.223748416156685 59.53990258641679 37.8549864614954 112.29425630903836 66.76076692189807 94.04786015641186 87.45856161634491 63.51377803280167 78.85429601486528 73.79024325749306 98.41239759298622 66.49060083951716 72.00694410957877 83.00602387778854 113.84638773364749 46.06517122512408 76.90253571892151 47.80167361086848 97.41663102366043 91.00549433962765 84.02380615040002 35.510561809129406 127.66362050325849 62.76941930590086 68.96375859826666 56.938563381947034 59.21148537234985 127.91403363196706 32.64965543462902 104.65180361560904 42.720018726587654 80.02499609497022 20.223748416156685 59.53990258641679 37.8549864614954 112.29425630903836 66.76076692189807 94.04786015641186 87.45856161634491 63.51377803280167 78.85429601486528 73.79024325749306 98.41239759298622 66.49060083951716 72.00694410957877 83.00602387778854 113.84638773364749 46.06517122512408 76.90253571892151 47.80167361086848 97.41663102366043 91.00549433962765 84.02380615040002 35.510561809129406 127.66362050325849 62.76941930590086 68.96375859826666 56.938563381947034 59.21148537234985 127.91403363196706 32.64965543462902 104.65180361560904 42.720018726587654 80.02499609497022 20.223748416156685 59.53990258641679 37.8549864614954 112.29425630903836 66.76076692189807 94.04786015641186 87.45856161634491 63.51377803280167 78.85429601486528 73.79024325749306 98.41239759298622 66.49060083951716 72.00694410957877 83.00602387778854 113.84638773364749 46.06517122512408 76.90253571892151 47.80167361086848 97.41663102366043 91.00549433962765 84.02380615040002 35.510561809129406 127.66362050325849 62.76941930590086 68.96375859826666 56.938563381947034 59.21148537234985 127.91403363196706 32.64965543462902 104.65180361560904 42.720018726587654 80.02499609497022 20.223748416156685 59.53990258641679 37.8549864614954 112.29425630903836 66.76076692189807 94.04786015641186 87.45856161634491 63.51377803280167 78.85429601486528 73.79024325749306 98.41239759298622 66.49060083951716 72.00694410957877 83.00602387778854 113.84638773364749 46.06517122512408 76.90253571892151 47.80167361086848 97.41663102366043 91.00549433962765 84.02380615040002 35.510561809129406 127.66362050325849 62.76941930590086 68.96375859826666 56.938563381947034 59.21148537234985 127.91403363196706 32.64965543462902 104.65180361560904 42.720018726587654 80.02499609497022 20.223748416156685 59.53990258641679 37.8549864614954 112.29425630903836 66.76076692189807 94.04786015641186 87.45856161634491 63.51377803280167 78.85429601486528 73.79024325749306 98.41239759298622 66.49060083951716 72.00694410957877 83.00602387778854 113.84638773364749 46.06517122512408 76.90253571892151 47.80167361086848 97.41663102366043 91.00549433962765 84.02380615040002 35.510561809129406 127.66362050325849 62.76941930590086 68.96375859826666 56.938563381947034 59.21148537234985 127.91403363196706 32.64965543462902 104.65180361560904 42.720018726587654 80.02499609497022 20.223748416156685 59.53990258641679 37.8549864614954 112.29425630903836 66.76076692189807 94.04786015641186 87.45856161634491 63.51377803280167 78.85429601486528 73.79024325749306 98.41239759298622 66.49060083951716 72.00694410957877 83.00602387778854 113.84638773364749 46.06517122512408 76.90253571892151 47.80167361086848 97.41663102366043 91.00549433962765 84.02380615040002 35.510561809129406 127.66362050325849 62.76941930590086 68.96375859826666 56.938563381947034 59.21148537234985 127.91403363196706 32.64965543462902 104.65180361560904 42.720018726587654 80.02499609497022 20.223748416156685 59.53990258641679 37.8549864614954 112.29425630903836 66.76076692189807 94.04786015641186 87.45856161634491 63.51377803280167 78.85429601486528 73.79024325749306 98.41239759298622 66.49060083951716 72.00694410957877 83.00602387778854 113.84638773364749 46.06517122512408 76.90253571892151 47.80167361086848 97.41663102366043 91.00549433962765 84.02380615040002 35.510561809129406 127.66362050325849 62.76941930590086 68.96375859826666 56.938563381947034 59.21148537234985 127.91403363196706 32.64965543462902 104.65180361560904 42.720018726587654 80.02499609497022 20.223748416156685 59.53990258641679 37.8549864614954 112.29425630903836 66.76076692189807 94.04786015641186 87.45856161634491 63.51377803280167 78.85429601486528 73.79024325749306 98.41239759298622 66.49060083951716 72.00694410957877 83.00602387778854 113.84638773364749 46.06517122512408 76.90253571892151 47.80167361086848 97.41663102366043 91.00549433962765 84.02380615040002 35.510561809129406 127.66362050325849 62.76941930590086 68.96375859826666 56.938563381947034 59.21148537234985 127.91403363196706 32.64965543462902 104.65180361560904 42.720018726587654 80.02499609497022 20.223748416156685 59.53990258641679 37.8549864614954 112.29425630903836 66.76076692189807 94.04786015641186 87.45856161634491 63.51377803280167 78.85429601486528 73.79024325749306 98.41239759298622 66.49060083951716 72.00694410957877 83.00602387778854 113.84638773364749 46.06517122512408 76.90253571892151 47.80167361086848 97.41663102366043 91.00549433962765 84.02380615040002 35.510561809129406 127.66362050325849 62.76941930590086 68.96375859826666 56.938563381947034 59.21148537234985 127.91403363196706 32.64965543462902 104.65180361560904 42.720018726587654 80.02499609497022 20.223748416156685 59.53990258641679 37.8549864614954 112.29425630903836 66.76076692189807 94.04786015641186 87.45856161634491 63.51377803280167 78.85429601486528 73.79024325749306 98.41239759298622 66.49060083951716 72.00694410957877 83.00602387778854 113.84638773364749 46.06517122512408 76.90253571892151 47.80167361086848 97.41663102366043 91.00549433962765 84.02380615040002 35.510561809129406 127.66362050325849 62.76941930590086 68.96375859826666 56.938563381947034 59.21148537234985 127.91403363196706 32.64965543462902 104.65180361560904 42.720018726587654 80.02499609497022 20.223748416156685 59.53990258641679 37.8549864614954 112.29425630903836 66.76076692189807 94.04786015641186 87.45856161634491 63.51377803280167 78.85429601486528 73.79024325749306 98.41239759298622 66.49060083951716 72.00694410957877 83.00602387778854 113.84638773364749 46.06517122512408 76.90253571892151 47.80167361086848 97.41663102366043 91.00549433962765 84.02380615040002 35.510561809129406 127.66362050325849 62.76941930590086 68.96375859826666 56.938563381947034 59.21148537234985 127.91403363196706 32.64965543462902 104.65180361560904 42.720018726587654 80.02499609497022 20.223748416156685 59.53990258641679 37.8549864614954 112.29425630903836 66.76076692189807 94.04786015641186 87.45856161634491 63.51377803280167 78.85429601486528 73.79024325749306 98.41239759298622 66.49060083951716 72.00694410957877 83.00602387778854 113.84638773364749 46.06517122512408 76.90253571892151 47.80167361086848 97.41663102366043 91.00549433962765 84.02380615040002 35.510561809129406 127.66362050325849 62.76941930590086 68.96375859826666 56.938563381947034 59.21148537234985 127.91403363196706 32.64965543462902 104.65180361560904 42.720018726587654 80.02499609497022 20.223748416156685 59.53990258641679 37.8549864614954 112.29425630903836 66.76076692189807 94.04786015641186 87.45856161634491 63.51377803280167 78.85429601486528 73.79024325749306 98.41239759298622 66.49060083951716 72.00694410957877 83.00602387778854 113.84638773364749 46.06517122512408 76.90253571892151 47.80167361086848 97.41663102366043 91.00549433962765 84.02380615040002 35.510561809129406 127.66362050325849 62.76941930590086 68.96375859826666 56.938563381947034 59.21148537234985 127.91403363196706 32.64965543462902 104.65180361560904 42.720018726587654 80.02499609497022 20.223748416156685 59.53990258641679 37.8549864614954 112.29425630903836 66.76076692189807 94.04786015641186 87.45856161634491 63.51377803280167 78.85429601486528 73.79024325749306 98.41239759298622 66.49060083951716 72.00694410957877 83.00602387778854 113.84638773364749 46.06517122512408 76.90253571892151 47.80167361086848 97.41663102366043 91.00549433962765 84.02380615040002 35.510561809129406 127.66362050325849 62.76941930590086 68.96375859826666 56.938563381947034 59.21148537234985 127.91403363196706 32.64965543462902 104.65180361560904 42.720018726587654 80.02499609497022 20.223748416156685 59.53990258641679 37.8549864614954 112.29425630903836 66.76076692189807 94.04786015641186 87.45856161634491 63.51377803280167 78.85429601486528 73.79024325749306 98.41239759298622 66.49060083951716 72.00694410957877 83.00602387778854 113.84638773364749 46.06517122512408 76.90253571892151 47.80167361086848 97.41663102366043 91.00549433962765 84.02380615040002 35.510561809129406 127.66362050325849 62.76941930590086 68.96375859826666 56.938563381947034 59.21148537234985 127.91403363196706 32.64965543462902 104.65180361560904 42.720018726587654 80.02499609497022 20.223748416156685 59.53990258641679 37.8549864614954 112.29425630903836 66.76076692189807 94.04786015641186 87.45856161634491 63.51377803280167 78.85429601486528 73.79024325749306 98.41239759298622 66.49060083951716 72.00694410957877 83.00602387778854 113.84638773364749 46.06517122512408 76.90253571892151 47.80167361086848 97.41663102366043 91.00549433962765 84.02380615040002 35.510561809129406 127.66362050325849 62.76941930590086 68.96375859826666 56.938563381947034 59.21148537234985 127.91403363196706 32.64965543462902 104.65180361560904 42.720018726587654 80.02499609497022 20.223748416156685 59.53990258641679 37.8549864614954 112.29425630903836 66.76076692189807 94.04786015641186 87.45856161634491 63.51377803280167 78.85429601486528 73.79024325749306 98.41239759298622 66.49060083951716 72.00694410957877 83.00602387778854 113.84638773364749 46.06517122512408 76.90253571892151 47.80167361086848 97.41663102366043 91.00549433962765 84.02380615040002 35.510561809129406 127.66362050325849 62.76941930590086 68.96375859826666 56.938563381947034 59.21148537234985 127.91403363196706 32.64965543462902 104.65180361560904 42.720018726587654 80.02499609497022 20.223748416156685 59.53990258641679 37.8549864614954 112.29425630903836 66.76076692189807 94.04786015641186 87.45856161634491 63.51377803280167 78.85429601486528 73.79024325749306 98.41239759298622 66.49060083951716 72.00694410957877 83.00602387778854 113.84638773364749 46.06517122512408 76.90253571892151 47.80167361086848 97.41663102366043 91.00549433962765 84.02380615040002 35.510561809129406 127.66362050325849 62.76941930590086 68.96375859826666 56.938563381947034 59.21148537234985 127.91403363196706 32.64965543462902 104.65180361560904 42.720018726587654 80.02499609497022 20.223748416156685 59.53990258641679 37.8549864614954 112.29425630903836 66.76076692189807 94.04786015641186 87.45856161634491 63.51377803280167 78.85429601486528 73.79024325749306 98.41239759298622 66.49060083951716 72.00694410957877 83.00602387778854 113.84638773364749 46.06517122512408 76.90253571892151 47.80167361086848 97.41663102366043 91.00549433962765 84.02380615040002 35.510561809129406 127.66362050325849 62.76941930590086 68.96375859826666 56.938563381947034 59.21148537234985 127.91403363196706 32.64965543462902 104.65180361560904 42.720018726587654 80.02499609497022 20.223748416156685 59.53990258641679 37.8549864614954 112.29425630903836 66.76076692189807 94.04786015641186 87.45856161634491 63.51377803280167 78.85429601486528 73.79024325749306 98.41239759298622 66.49060083951716 72.00694410957877 83.00602387778854 113.84638773364749 46.06517122512408 76.90253571892151 47.80167361086848 97.41663102366043 91.00549433962765 84.02380615040002 35.510561809129406 127.66362050325849 62.76941930590086 68.96375859826666 56.938563381947034 59.21148537234985 127.91403363196706 32.64965543462902 104.65180361560904 42.720018726587654 80.02499609497022 20.223748416156685 59.53990258641679 37.8549864614954 112.29425630903836 66.76076692189807 94.04786015641186 87.45856161634491 63.51377803280167 78.85429601486528 73.79024325749306 98.41239759298622 66.49060083951716 72.00694410957877 83.00602387778854 113.84638773364749 46.06517122512408 76.90253571892151 47.80167361086848 97.41663102366043 91.00549433962765 84.02380615040002 35.510561809129406 127.66362050325849 62.76941930590086 68.96375859826666 56.938563381947034 59.21148537234985 127.91403363196706 32.64965543462902 104.65180361560904 42.720018726587654 80.02499609497022 20.223748416156685 59.53990258641679 37.8549864614954 112.29425630903836 66.76076692189807 94.04786015641186 87.45856161634491 63.51377803280167 78.85429601486528 73.79024325749306 98.41239759298622 66.49060083951716 72.00694410957877 83.00602387778854 113.84638773364749 46.06517122512408 76.90253571892151 47.80167361086848
tskDis  0.0 68.0 81.59656855530139 62.00806399170998 40.19950248448356 47.095647357266465 59.682493245507096 50.635955604688654 74.02702209328699 31.240998703626616 69.85699678629192 49.57822102496216 66.21933252457322 80.36168241145776 84.52810183601665 50.24937810560445 64.53681120105021 16.1245154965971 60.40695324215582 56.04462507680822 26.40075756488817 34.058772731852805 40.049968789001575 27.294688127912362 48.91829923454004 65.49045732013177 28.30194339616981 52.0 24.020824298928627 52.3450093132096 40.19950248448356 53.48831648126533 68.0 0.0 17.72004514666935 70.8590149522275 64.4980619863884 37.33630940518894 23.021728866442675 41.23105625617661 33.1058907144937 80.39900496896712 60.13318551349163 27.459060435491963 49.16299421312742 19.235384061671343 70.83078426785913 38.3275357934736 82.97590011563598 70.3420215802759 25.0 114.10959644131601 41.677331968349414 63.812224534175265 92.45539465060976 73.10950690573696 23.0 24.515301344262525 71.84010022264724 16.97056274847714 61.5223536610881 71.47027354082255 91.21403400793103 51.97114584074513 81.59656855530139 17.72004514666935 0.0 70.77428911688199 82.03657720797473 42.42640687119285 25.45584412271571 44.204072210600685 25.179356624028344 97.04638066409278 56.515484603779164 45.12205669071391 45.880278987817846 4.0 64.00781202322104 41.86884283091664 83.6719785830358 85.98837130682264 26.248809496813376 122.57650672131263 55.362442142665635 70.7248188403477 100.56838469419701 81.83520025025906 40.311288741492746 22.47220505424423 80.2807573457052 29.832867780352597 78.05767098754612 74.09453421137081 99.08582138732059 53.33854141237835 62.00806399170998 70.8590149522275 70.77428911688199 0.0 94.30270409696638 35.05709628591621 48.05205510693585 30.01666203960727 47.16990566028302 92.76313923105448 18.027756377319946 76.68767828015137 25.80697580112788 67.11929677819934 27.018512172212592 33.015148038438355 13.038404810405298 77.15568676384133 46.32493928760188 65.96969000988257 55.00909015790027 28.0178514522438 47.042533945356304 38.62641583165593 71.02112361825881 48.703182647543684 36.76955262170047 58.008620049092706 79.64923100695951 11.180339887498949 45.044422518220834 19.026297590440446 40.19950248448356 64.4980619863884 82.03657720797473 94.30270409696638 0.0 66.70832032063167 70.21395872616783 72.24956747275377 86.76404785393545 22.627416997969522 96.16652224137046 37.12142238654117 88.72992730753249 82.76472678623425 111.03603018840326 70.2922470831599 100.18482919085105 26.30589287593181 72.00694410957877 94.64142856064674 40.311288741492746 68.87670143089025 80.22468448052632 66.21933252457322 41.773197148410844 76.05918747922567 66.76076692189807 55.71355310873648 16.278820596099706 86.83317338436964 80.39900496896712 79.98124780221924 47.095647357266465 37.33630940518894 42.42640687119285 35.05709628591621 66.70832032063167 0.0 16.97056274847714 5.830951894845301 27.459060435491963 72.2357252334328 30.23243291566195 42.37924020083418 22.02271554554524 39.698866482558415 44.68780594300866 3.605551275463989 46.2709412050371 57.56735185849702 16.401219466856727 80.2807573457052 26.92582403567252 28.319604517012593 58.25804665451803 39.96248240537617 36.40054944640259 21.095023109728988 38.27531841800928 23.021728866442675 55.072679252057455 34.20526275297414 56.72741841473134 16.278820596099706 59.682493245507096 23.021728866442675 25.45584412271571 48.05205510693585 70.21395872616783 16.97056274847714 0.0 19.235384061671343 16.55294535724685 80.4114419718985 37.33630940518894 38.2099463490856 26.476404589747453 22.80350850198276 49.040799340956916 16.64331697709324 60.440052945046304 67.1863081289633 2.23606797749979 97.18538984847466 35.05709628591621 45.27692569068709 75.16648189186454 56.61271941887264 31.827660925679098 6.082762530298219 55.0 15.556349186104045 61.84658438426491 49.658836071740545 73.66138744281159 29.410882339705484 50.635955604688654 41.23105625617661 44.204072210600685 30.01666203960727 72.24956747275377 5.830951894845301 19.235384061671343 0.0 26.0 76.96752561957543 24.413111231467404 48.104053883222775 16.64331697709324 41.10960958218893 38.948684188300895 3.0 41.773197148410844 62.03224967708329 18.027756377319946 79.63039620647382 32.202484376209235 27.784887978899608 57.688820407423826 40.311288741492746 42.05948168962618 21.93171219946131 38.48376280978771 28.071337695236398 60.207972893961475 30.463092423455635 56.0357029044876 11.0 74.02702209328699 33.1058907144937 25.179356624028344 47.16990566028302 86.76404785393545 27.459060435491963 16.55294535724685 26.0 0.0 96.54014708917737 31.622776601683793 53.907327887774215 21.470910553583888 21.213203435596427 39.05124837953327 25.0 60.207972893961475 82.87339742040264 14.866068747318506 105.152270541344 50.80354318352215 53.665631459994955 83.35466393669883 66.30987860040162 47.634021455258214 10.816653826391969 64.47480127925948 31.622776601683793 78.16009211867653 52.3450093132096 81.6333265278342 31.89043743820395 31.240998703626616 80.39900496896712 97.04638066409278 92.76313923105448 22.627416997969522 72.2357252334328 80.4114419718985 76.96752561957543 96.54014708917737 0.0 98.79271228182775 54.57105459856901 93.47192091746055 97.0051545022222 113.74093370462545 75.76938695805846 95.77577981932593 15.620499351813308 81.78630692236935 78.16009211867653 45.880278987817846 65.05382386916237 67.67569726275453 58.249463516842795 57.55866572463264 86.49277426467485 59.405386961116584 68.11754546370561 19.0 83.45058418010026 68.35202996254024 82.15229759416349 69.85699678629192 60.13318551349163 56.515484603779164 18.027756377319946 96.16652224137046 30.23243291566195 37.33630940518894 24.413111231467404 31.622776601683793 98.79271228182775 0.0 72.01388754955533 11.0 52.630789467763066 15.0 26.92582403567252 30.4138126514911 83.35466393669883 35.22782990761707 83.16850365372699 55.86591089385369 38.47076812334269 63.150613615387776 51.15662224971465 65.79513659838392 36.013886210738214 49.16299421312742 50.59644256269407 83.24061508662703 27.202941017470888 61.18823416311342 16.64331697709324 49.57822102496216 27.459060435491963 45.12205669071391 76.68767828015137 37.12142238654117 42.37924020083418 38.2099463490856 48.104053883222775 53.907327887774215 54.57105459856901 72.01388754955533 0.0 62.26556030423239 46.17358552246078 85.58621384311844 45.31004303683677 86.46964785403026 47.01063709417264 40.36087214122113 102.88342918079665 27.51363298439521 59.413803110051795 83.00602387778854 64.19501538281614 6.4031242374328485 43.18564576337837 63.60031446463138 22.67156809750927 36.40054944640259 73.17103251970687 82.28000972289685 58.52349955359813 66.21933252457322 49.16299421312742 45.880278987817846 25.80697580112788 88.72992730753249 22.02271554554524 26.476404589747453 16.64331697709324 21.470910553583888 93.47192091746055 11.0 62.26556030423239 0.0 42.05948168962618 23.323807579381203 18.439088914585774 38.8329756778952 78.39005038906404 24.331050121192877 87.23531395025755 48.82622246293481 38.3275357934736 66.12866246946176 51.478150704935004 55.94640292279746 25.019992006393608 49.49747468305833 40.311288741492746 76.8505042273634 32.202484376209235 64.25729530566937 14.142135623730951 80.36168241145776 19.235384061671343 4.0 67.11929677819934 82.76472678623425 39.698866482558415 22.80350850198276 41.10960958218893 21.213203435596427 97.0051545022222 52.630789467763066 46.17358552246078 42.05948168962618 0.0 60.00833275470999 38.897300677553446 80.05623023850174 85.47514258543241 23.345235059857504 119.97082978791136 54.3415126767741 68.01470429252781 97.94896630388705 79.40403012442127 41.0 19.209372712298546 77.80102827083971 29.154759474226502 78.00640999302557 70.7248188403477 96.42613753542138 49.92995093127971 84.52810183601665 70.83078426785913 64.00781202322104 27.018512172212592 111.03603018840326 44.68780594300866 49.040799340956916 38.948684188300895 39.05124837953327 113.74093370462545 15.0 85.58621384311844 23.323807579381203 60.00833275470999 0.0 41.23105625617661 36.05551275463989 98.2700361249552 46.8187996428785 92.57429448826494 70.76722405181653 52.20153254455275 74.06078584514209 64.32728814430156 79.25906888173743 46.32493928760188 62.369864518050704 63.50590523722971 98.2344135219425 38.01315561749642 72.06247289678588 31.622776601683793 50.24937810560445 38.3275357934736 41.86884283091664 33.015148038438355 70.2922470831599 3.605551275463989 16.64331697709324 3.0 25.0 75.76938695805846 26.92582403567252 45.31004303683677 18.439088914585774 38.897300677553446 41.23105625617661 0.0 44.721359549995796 61.032778078668514 15.620499351813308 81.40024569987489 30.528675044947494 29.410882339705484 59.405386961116584 41.593268686170845 39.21734310225516 19.849433241279208 39.824615503479755 25.079872407968907 58.66856057549052 33.24154027718932 57.8013840664737 14.0 64.53681120105021 82.97590011563598 83.6719785830358 13.038404810405298 100.18482919085105 46.2709412050371 60.440052945046304 41.773197148410844 60.207972893961475 95.77577981932593 30.4138126514911 86.46964785403026 38.8329756778952 80.05623023850174 36.05551275463989 44.721359549995796 0.0 80.43009387039157 58.82176467941097 57.21887800367987 62.6418390534633 31.38470965295043 41.0 38.28837943815329 81.15417426109393 61.465437442517235 36.796738985948195 69.26037828369117 84.72307831990054 13.601470508735444 39.05124837953327 31.04834939252005 16.1245154965971 70.3420215802759 85.98837130682264 77.15568676384133 26.30589287593181 57.56735185849702 67.1863081289633 62.03224967708329 82.87339742040264 15.620499351813308 83.35466393669883 47.01063709417264 78.39005038906404 85.47514258543241 98.2700361249552 61.032778078668514 80.43009387039157 0.0 68.3593446428504 68.3593446428504 32.14031735997639 49.51767361255979 54.91812087098393 43.41658669218482 48.46648326421054 73.24616030891995 44.41846462902562 56.32051136131489 12.206555615733702 67.94115100585212 55.31726674375732 66.73080248281148 60.40695324215582 25.0 26.248809496813376 46.32493928760188 72.00694410957877 16.401219466856727 2.23606797749979 18.027756377319946 14.866068747318506 81.78630692236935 35.22782990761707 40.36087214122113 24.331050121192877 23.345235059857504 46.8187996428785 15.620499351813308 58.82176467941097 68.3593446428504 0.0 96.67471230885562 36.22154055254967 44.68780594300866 74.65252842335616 56.302753041036986 33.97057550292606 5.0990195135927845 54.644304369257 17.69180601295413 63.324560795950255 48.30113870293329 73.10950690573696 27.85677655436824 56.04462507680822 114.10959644131601 122.57650672131263 65.96969000988257 94.64142856064674 80.2807573457052 97.18538984847466 79.63039620647382 105.152270541344 78.16009211867653 83.16850365372699 102.88342918079665 87.23531395025755 119.97082978791136 92.57429448826494 81.40024569987489 57.21887800367987 68.3593446428504 96.67471230885562 0.0 75.8023746329889 52.009614495783374 22.02271554554524 41.036569057366385 100.4987562112089 101.21264743103995 42.42640687119285 97.18538984847466 79.2464510246358 55.97320787662612 23.600847442411894 73.824115301167 26.40075756488817 41.677331968349414 55.362442142665635 55.00909015790027 40.311288741492746 26.92582403567252 35.05709628591621 32.202484376209235 50.80354318352215 45.880278987817846 55.86591089385369 27.51363298439521 48.82622246293481 54.3415126767741 70.76722405181653 30.528675044947494 62.6418390534633 32.14031735997639 36.22154055254967 75.8023746329889 0.0 33.06055050963308 55.54277630799526 36.68787265568828 24.698178070456937 41.10960958218893 36.138621999185304 25.632011235952593 28.178005607210743 49.040799340956916 54.78138369920935 39.698866482558415 34.058772731852805 63.812224534175265 70.7248188403477 28.0178514522438 68.87670143089025 28.319604517012593 45.27692569068709 27.784887978899608 53.665631459994955 65.05382386916237 38.47076812334269 59.413803110051795 38.3275357934736 68.01470429252781 52.20153254455275 29.410882339705484 31.38470965295043 49.51767361255979 44.68780594300866 52.009614495783374 33.06055050963308 0.0 30.0 13.152946437965905 55.10898293381942 49.20365840057018 11.180339887498949 47.41307836451879 53.33854141237835 18.439088914585774 28.42534080710379 24.186773244895647 40.049968789001575 92.45539465060976 100.56838469419701 47.042533945356304 80.22468448052632 58.25804665451803 75.16648189186454 57.688820407423826 83.35466393669883 67.67569726275453 63.150613615387776 83.00602387778854 66.12866246946176 97.94896630388705 74.06078584514209 59.405386961116584 41.0 54.91812087098393 74.65252842335616 22.02271554554524 55.54277630799526 30.0 0.0 19.4164878389476 80.05623023850174 79.20227269466452 20.615528128088304 75.6042326857432 64.07027391856539 36.22154055254967 2.0 52.392747589718944 27.294688127912362 73.10950690573696 81.83520025025906 38.62641583165593 66.21933252457322 39.96248240537617 56.61271941887264 40.311288741492746 66.30987860040162 58.249463516842795 51.15662224971465 64.19501538281614 51.478150704935004 79.40403012442127 64.32728814430156 41.593268686170845 38.28837943815329 43.41658669218482 56.302753041036986 41.036569057366385 36.68787265568828 13.152946437965905 19.4164878389476 0.0 60.92618484691127 61.05735008989499 2.0 56.22277118748239 50.0 27.730849247724095 18.35755975068582 37.33630940518894 48.91829923454004 23.0 40.311288741492746 71.02112361825881 41.773197148410844 36.40054944640259 31.827660925679098 42.05948168962618 47.634021455258214 57.55866572463264 65.79513659838392 6.4031242374328485 55.94640292279746 41.0 79.25906888173743 39.21734310225516 81.15417426109393 48.46648326421054 33.97057550292606 100.4987562112089 24.698178070456937 55.10898293381942 80.05623023850174 60.92618484691127 0.0 36.87817782917155 60.166435825965294 16.278820596099706 38.8329756778952 68.00735254367721 79.20227269466452 52.630789467763066 65.49045732013177 24.515301344262525 22.47220505424423 48.703182647543684 76.05918747922567 21.095023109728988 6.082762530298219 21.93171219946131 10.816653826391969 86.49277426467485 36.013886210738214 43.18564576337837 25.019992006393608 19.209372712298546 46.32493928760188 19.849433241279208 61.465437442517235 73.24616030891995 5.0990195135927845 101.21264743103995 41.10960958218893 49.20365840057018 79.20227269466452 61.05735008989499 36.87817782917155 0.0 59.36328831862332 20.808652046684813 67.91170738539859 51.62363799656123 77.62087348130012 30.886890422961002 28.30194339616981 71.84010022264724 80.2807573457052 36.76955262170047 66.76076692189807 38.27531841800928 55.0 38.48376280978771 64.47480127925948 59.405386961116584 49.16299421312742 63.60031446463138 49.49747468305833 77.80102827083971 62.369864518050704 39.824615503479755 36.796738985948195 44.41846462902562 54.644304369257 42.42640687119285 36.138621999185304 11.180339887498949 20.615528128088304 2.0 60.166435825965294 59.36328831862332 0.0 55.0 50.59644256269407 25.942243542145693 19.4164878389476 35.35533905932738 52.0 16.97056274847714 29.832867780352597 58.008620049092706 55.71355310873648 23.021728866442675 15.556349186104045 28.071337695236398 31.622776601683793 68.11754546370561 50.59644256269407 22.67156809750927 40.311288741492746 29.154759474226502 63.50590523722971 25.079872407968907 69.26037828369117 56.32051136131489 17.69180601295413 97.18538984847466 25.632011235952593 47.41307836451879 75.6042326857432 56.22277118748239 16.278820596099706 20.808652046684813 55.0 0.0 49.16299421312742 56.88585061331157 74.4043009509531 39.05124837953327 24.020824298928627 61.5223536610881 78.05767098754612 79.64923100695951 16.278820596099706 55.072679252057455 61.84658438426491 60.207972893961475 78.16009211867653 19.0 83.24061508662703 36.40054944640259 76.8505042273634 78.00640999302557 98.2344135219425 58.66856057549052 84.72307831990054 12.206555615733702 63.324560795950255 79.2464510246358 28.178005607210743 53.33854141237835 64.07027391856539 50.0 38.8329756778952 67.91170738539859 50.59644256269407 49.16299421312742 0.0 71.56116265125938 64.19501538281614 66.70832032063167 52.3450093132096 71.47027354082255 74.09453421137081 11.180339887498949 86.83317338436964 34.20526275297414 49.658836071740545 30.463092423455635 52.3450093132096 83.45058418010026 27.202941017470888 73.17103251970687 32.202484376209235 70.7248188403477 38.01315561749642 33.24154027718932 13.601470508735444 67.94115100585212 48.30113870293329 55.97320787662612 49.040799340956916 18.439088914585774 36.22154055254967 27.730849247724095 68.00735254367721 51.62363799656123 25.942243542145693 56.88585061331157 71.56116265125938 0.0 34.23448553724738 20.808652046684813 40.19950248448356 91.21403400793103 99.08582138732059 45.044422518220834 80.39900496896712 56.72741841473134 73.66138744281159 56.0357029044876 81.6333265278342 68.35202996254024 61.18823416311342 82.28000972289685 64.25729530566937 96.42613753542138 72.06247289678588 57.8013840664737 39.05124837953327 55.31726674375732 73.10950690573696 23.600847442411894 54.78138369920935 28.42534080710379 2.0 18.35755975068582 79.20227269466452 77.62087348130012 19.4164878389476 74.4043009509531 64.19501538281614 34.23448553724738 0.0 50.566787519082126 53.48831648126533 51.97114584074513 53.33854141237835 19.026297590440446 79.98124780221924 16.278820596099706 29.410882339705484 11.0 31.89043743820395 82.15229759416349 16.64331697709324 58.52349955359813 14.142135623730951 49.92995093127971 31.622776601683793 14.0 31.04834939252005 66.73080248281148 27.85677655436824 73.824115301167 39.698866482558415 24.186773244895647 52.392747589718944 37.33630940518894 52.630789467763066 30.886890422961002 35.35533905932738 39.05124837953327 66.70832032063167 20.808652046684813 50.566787519082126 0.0

rob_x  0 0 0 0 0 0 0 0 0 0 0 0 0 0 0 0 0 0 0 0 0 0 0 0 0 0 0 0 0 0 0 0
rob_y  0 0 0 0 0 0 0 0 0 0 0 0 0 0 0 0 0 0 0 0 0 0 0 0 0 0 0 0 0 0 0 0
rob_vel  1 1 1 1 1 1 1 1 1 1 1 1 1 1 1 1 1 1 1 1 1 1 1 1 1 1 1 1 1 1 1 1
rob_abi  0.9218180006983419 0.6041990243634193 0.616125415582922 0.2372447282040015 0.47903721049243914 0.36600223707475266 0.781573685137242 0.5383745842701132 0.9366209936753799 0.4897578645569264 0.4041257321742116 0.06306449517121046 0.24743625444481565 0.6506596983877988 0.8436619119984372 0.7630799335570809 0.7152547846655674 0.6694228923090321 0.9046019557416747 0.5601177374563836 0.7291387214676484 0.7981896657046343 0.30143700198987045 0.5502920439657314 0.6681532399949762 0.11733894936280535 0.9779067930665423 0.16197003202390264 0.8514382852945587 0.3246097450830763 0.7630863205911808 0.9598289960897213

tsk_x  79 19 2 30 83 32 20 29 5 99 15 46 15 2 3 29 37 87 19 94 55 53 77 66 42 14 64 31 80 41 75 29
tsk_y  57 89 84 19 97 54 66 49 59 81 29 94 40 80 20 52 8 71 64 3 68 35 17 33 89 65 33 77 81 21 17 38
tsk_rat  0.44198189647522634 1.0378565357196474 0.9939884098236219 0.2097089598497097 0.9453608154283316 1.0350903000694456 0.8389172869208108 0.41844445695938387 1.1556715516308873 0.6864090579713368 0.6517646010265321 0.8161701764134568 0.7958823571600512 1.1453469633715478 0.513044154487192 1.0401381296894883 0.3087143609750395 0.51214369163584 0.8470926707563752 1.0363174736778205 0.46501139931547775 1.041962620547761 1.0074568011815768 1.141036922494064 1.109390070774909 1.0892547508765744 1.1658999104184853 0.674563105713502 0.10349809541131395 0.9723790083662599 1.1161926645146958 0.7725246061480073
tsk_state  1 1 1 1 1 1 1 1 1 1 1 1 1 1 1 1 1 1 1 1 1 1 1 1 1 1 1 1 1 1 1 1
