time 2018-10-12 17:10:09
32_32_CENTRAL_CLUSTERED_LVLCV_UNITARY_thre0.1
robNum  32
taskNum  32
comp_threhold  0.1
rob2tskDis  23.769728648009426 50.15974481593781 58.89821729050889 39.20459156782532 41.10960958218893 50.53711507397311 40.45985664828782 28.442925306655784 42.43819034784589 36.0 59.39696961966999 43.289721643826724 30.083217912982647 25.079872407968907 39.05124837953327 29.427877939124322 40.0 25.553864678361276 40.049968789001575 52.009614495783374 43.04648650006177 60.802960454241045 62.00806399170998 42.638011210655684 31.25699921617557 41.182520563948 15.264337522473747 52.478567053607705 55.226805085936306 40.0 29.274562336608895 53.41348144429457 23.769728648009426 50.15974481593781 58.89821729050889 39.20459156782532 41.10960958218893 50.53711507397311 40.45985664828782 28.442925306655784 42.43819034784589 36.0 59.39696961966999 43.289721643826724 30.083217912982647 25.079872407968907 39.05124837953327 29.427877939124322 40.0 25.553864678361276 40.049968789001575 52.009614495783374 43.04648650006177 60.802960454241045 62.00806399170998 42.638011210655684 31.25699921617557 41.182520563948 15.264337522473747 52.478567053607705 55.226805085936306 40.0 29.274562336608895 53.41348144429457 23.769728648009426 50.15974481593781 58.89821729050889 39.20459156782532 41.10960958218893 50.53711507397311 40.45985664828782 28.442925306655784 42.43819034784589 36.0 59.39696961966999 43.289721643826724 30.083217912982647 25.079872407968907 39.05124837953327 29.427877939124322 40.0 25.553864678361276 40.049968789001575 52.009614495783374 43.04648650006177 60.802960454241045 62.00806399170998 42.638011210655684 31.25699921617557 41.182520563948 15.264337522473747 52.478567053607705 55.226805085936306 40.0 29.274562336608895 53.41348144429457 23.769728648009426 50.15974481593781 58.89821729050889 39.20459156782532 41.10960958218893 50.53711507397311 40.45985664828782 28.442925306655784 42.43819034784589 36.0 59.39696961966999 43.289721643826724 30.083217912982647 25.079872407968907 39.05124837953327 29.427877939124322 40.0 25.553864678361276 40.049968789001575 52.009614495783374 43.04648650006177 60.802960454241045 62.00806399170998 42.638011210655684 31.25699921617557 41.182520563948 15.264337522473747 52.478567053607705 55.226805085936306 40.0 29.274562336608895 53.41348144429457 23.769728648009426 50.15974481593781 58.89821729050889 39.20459156782532 41.10960958218893 50.53711507397311 40.45985664828782 28.442925306655784 42.43819034784589 36.0 59.39696961966999 43.289721643826724 30.083217912982647 25.079872407968907 39.05124837953327 29.427877939124322 40.0 25.553864678361276 40.049968789001575 52.009614495783374 43.04648650006177 60.802960454241045 62.00806399170998 42.638011210655684 31.25699921617557 41.182520563948 15.264337522473747 52.478567053607705 55.226805085936306 40.0 29.274562336608895 53.41348144429457 23.769728648009426 50.15974481593781 58.89821729050889 39.20459156782532 41.10960958218893 50.53711507397311 40.45985664828782 28.442925306655784 42.43819034784589 36.0 59.39696961966999 43.289721643826724 30.083217912982647 25.079872407968907 39.05124837953327 29.427877939124322 40.0 25.553864678361276 40.049968789001575 52.009614495783374 43.04648650006177 60.802960454241045 62.00806399170998 42.638011210655684 31.25699921617557 41.182520563948 15.264337522473747 52.478567053607705 55.226805085936306 40.0 29.274562336608895 53.41348144429457 23.769728648009426 50.15974481593781 58.89821729050889 39.20459156782532 41.10960958218893 50.53711507397311 40.45985664828782 28.442925306655784 42.43819034784589 36.0 59.39696961966999 43.289721643826724 30.083217912982647 25.079872407968907 39.05124837953327 29.427877939124322 40.0 25.553864678361276 40.049968789001575 52.009614495783374 43.04648650006177 60.802960454241045 62.00806399170998 42.638011210655684 31.25699921617557 41.182520563948 15.264337522473747 52.478567053607705 55.226805085936306 40.0 29.274562336608895 53.41348144429457 23.769728648009426 50.15974481593781 58.89821729050889 39.20459156782532 41.10960958218893 50.53711507397311 40.45985664828782 28.442925306655784 42.43819034784589 36.0 59.39696961966999 43.289721643826724 30.083217912982647 25.079872407968907 39.05124837953327 29.427877939124322 40.0 25.553864678361276 40.049968789001575 52.009614495783374 43.04648650006177 60.802960454241045 62.00806399170998 42.638011210655684 31.25699921617557 41.182520563948 15.264337522473747 52.478567053607705 55.226805085936306 40.0 29.274562336608895 53.41348144429457 23.769728648009426 50.15974481593781 58.89821729050889 39.20459156782532 41.10960958218893 50.53711507397311 40.45985664828782 28.442925306655784 42.43819034784589 36.0 59.39696961966999 43.289721643826724 30.083217912982647 25.079872407968907 39.05124837953327 29.427877939124322 40.0 25.553864678361276 40.049968789001575 52.009614495783374 43.04648650006177 60.802960454241045 62.00806399170998 42.638011210655684 31.25699921617557 41.182520563948 15.264337522473747 52.478567053607705 55.226805085936306 40.0 29.274562336608895 53.41348144429457 23.769728648009426 50.15974481593781 58.89821729050889 39.20459156782532 41.10960958218893 50.53711507397311 40.45985664828782 28.442925306655784 42.43819034784589 36.0 59.39696961966999 43.289721643826724 30.083217912982647 25.079872407968907 39.05124837953327 29.427877939124322 40.0 25.553864678361276 40.049968789001575 52.009614495783374 43.04648650006177 60.802960454241045 62.00806399170998 42.638011210655684 31.25699921617557 41.182520563948 15.264337522473747 52.478567053607705 55.226805085936306 40.0 29.274562336608895 53.41348144429457 23.769728648009426 50.15974481593781 58.89821729050889 39.20459156782532 41.10960958218893 50.53711507397311 40.45985664828782 28.442925306655784 42.43819034784589 36.0 59.39696961966999 43.289721643826724 30.083217912982647 25.079872407968907 39.05124837953327 29.427877939124322 40.0 25.553864678361276 40.049968789001575 52.009614495783374 43.04648650006177 60.802960454241045 62.00806399170998 42.638011210655684 31.25699921617557 41.182520563948 15.264337522473747 52.478567053607705 55.226805085936306 40.0 29.274562336608895 53.41348144429457 23.769728648009426 50.15974481593781 58.89821729050889 39.20459156782532 41.10960958218893 50.53711507397311 40.45985664828782 28.442925306655784 42.43819034784589 36.0 59.39696961966999 43.289721643826724 30.083217912982647 25.079872407968907 39.05124837953327 29.427877939124322 40.0 25.553864678361276 40.049968789001575 52.009614495783374 43.04648650006177 60.802960454241045 62.00806399170998 42.638011210655684 31.25699921617557 41.182520563948 15.264337522473747 52.478567053607705 55.226805085936306 40.0 29.274562336608895 53.41348144429457 23.769728648009426 50.15974481593781 58.89821729050889 39.20459156782532 41.10960958218893 50.53711507397311 40.45985664828782 28.442925306655784 42.43819034784589 36.0 59.39696961966999 43.289721643826724 30.083217912982647 25.079872407968907 39.05124837953327 29.427877939124322 40.0 25.553864678361276 40.049968789001575 52.009614495783374 43.04648650006177 60.802960454241045 62.00806399170998 42.638011210655684 31.25699921617557 41.182520563948 15.264337522473747 52.478567053607705 55.226805085936306 40.0 29.274562336608895 53.41348144429457 23.769728648009426 50.15974481593781 58.89821729050889 39.20459156782532 41.10960958218893 50.53711507397311 40.45985664828782 28.442925306655784 42.43819034784589 36.0 59.39696961966999 43.289721643826724 30.083217912982647 25.079872407968907 39.05124837953327 29.427877939124322 40.0 25.553864678361276 40.049968789001575 52.009614495783374 43.04648650006177 60.802960454241045 62.00806399170998 42.638011210655684 31.25699921617557 41.182520563948 15.264337522473747 52.478567053607705 55.226805085936306 40.0 29.274562336608895 53.41348144429457 23.769728648009426 50.15974481593781 58.89821729050889 39.20459156782532 41.10960958218893 50.53711507397311 40.45985664828782 28.442925306655784 42.43819034784589 36.0 59.39696961966999 43.289721643826724 30.083217912982647 25.079872407968907 39.05124837953327 29.427877939124322 40.0 25.553864678361276 40.049968789001575 52.009614495783374 43.04648650006177 60.802960454241045 62.00806399170998 42.638011210655684 31.25699921617557 41.182520563948 15.264337522473747 52.478567053607705 55.226805085936306 40.0 29.274562336608895 53.41348144429457 23.769728648009426 50.15974481593781 58.89821729050889 39.20459156782532 41.10960958218893 50.53711507397311 40.45985664828782 28.442925306655784 42.43819034784589 36.0 59.39696961966999 43.289721643826724 30.083217912982647 25.079872407968907 39.05124837953327 29.427877939124322 40.0 25.553864678361276 40.049968789001575 52.009614495783374 43.04648650006177 60.802960454241045 62.00806399170998 42.638011210655684 31.25699921617557 41.182520563948 15.264337522473747 52.478567053607705 55.226805085936306 40.0 29.274562336608895 53.41348144429457 23.769728648009426 50.15974481593781 58.89821729050889 39.20459156782532 41.10960958218893 50.53711507397311 40.45985664828782 28.442925306655784 42.43819034784589 36.0 59.39696961966999 43.289721643826724 30.083217912982647 25.079872407968907 39.05124837953327 29.427877939124322 40.0 25.553864678361276 40.049968789001575 52.009614495783374 43.04648650006177 60.802960454241045 62.00806399170998 42.638011210655684 31.25699921617557 41.182520563948 15.264337522473747 52.478567053607705 55.226805085936306 40.0 29.274562336608895 53.41348144429457 23.769728648009426 50.15974481593781 58.89821729050889 39.20459156782532 41.10960958218893 50.53711507397311 40.45985664828782 28.442925306655784 42.43819034784589 36.0 59.39696961966999 43.289721643826724 30.083217912982647 25.079872407968907 39.05124837953327 29.427877939124322 40.0 25.553864678361276 40.049968789001575 52.009614495783374 43.04648650006177 60.802960454241045 62.00806399170998 42.638011210655684 31.25699921617557 41.182520563948 15.264337522473747 52.478567053607705 55.226805085936306 40.0 29.274562336608895 53.41348144429457 23.769728648009426 50.15974481593781 58.89821729050889 39.20459156782532 41.10960958218893 50.53711507397311 40.45985664828782 28.442925306655784 42.43819034784589 36.0 59.39696961966999 43.289721643826724 30.083217912982647 25.079872407968907 39.05124837953327 29.427877939124322 40.0 25.553864678361276 40.049968789001575 52.009614495783374 43.04648650006177 60.802960454241045 62.00806399170998 42.638011210655684 31.25699921617557 41.182520563948 15.264337522473747 52.478567053607705 55.226805085936306 40.0 29.274562336608895 53.41348144429457 23.769728648009426 50.15974481593781 58.89821729050889 39.20459156782532 41.10960958218893 50.53711507397311 40.45985664828782 28.442925306655784 42.43819034784589 36.0 59.39696961966999 43.289721643826724 30.083217912982647 25.079872407968907 39.05124837953327 29.427877939124322 40.0 25.553864678361276 40.049968789001575 52.009614495783374 43.04648650006177 60.802960454241045 62.00806399170998 42.638011210655684 31.25699921617557 41.182520563948 15.264337522473747 52.478567053607705 55.226805085936306 40.0 29.274562336608895 53.41348144429457 23.769728648009426 50.15974481593781 58.89821729050889 39.20459156782532 41.10960958218893 50.53711507397311 40.45985664828782 28.442925306655784 42.43819034784589 36.0 59.39696961966999 43.289721643826724 30.083217912982647 25.079872407968907 39.05124837953327 29.427877939124322 40.0 25.553864678361276 40.049968789001575 52.009614495783374 43.04648650006177 60.802960454241045 62.00806399170998 42.638011210655684 31.25699921617557 41.182520563948 15.264337522473747 52.478567053607705 55.226805085936306 40.0 29.274562336608895 53.41348144429457 23.769728648009426 50.15974481593781 58.89821729050889 39.20459156782532 41.10960958218893 50.53711507397311 40.45985664828782 28.442925306655784 42.43819034784589 36.0 59.39696961966999 43.289721643826724 30.083217912982647 25.079872407968907 39.05124837953327 29.427877939124322 40.0 25.553864678361276 40.049968789001575 52.009614495783374 43.04648650006177 60.802960454241045 62.00806399170998 42.638011210655684 31.25699921617557 41.182520563948 15.264337522473747 52.478567053607705 55.226805085936306 40.0 29.274562336608895 53.41348144429457 23.769728648009426 50.15974481593781 58.89821729050889 39.20459156782532 41.10960958218893 50.53711507397311 40.45985664828782 28.442925306655784 42.43819034784589 36.0 59.39696961966999 43.289721643826724 30.083217912982647 25.079872407968907 39.05124837953327 29.427877939124322 40.0 25.553864678361276 40.049968789001575 52.009614495783374 43.04648650006177 60.802960454241045 62.00806399170998 42.638011210655684 31.25699921617557 41.182520563948 15.264337522473747 52.478567053607705 55.226805085936306 40.0 29.274562336608895 53.41348144429457 23.769728648009426 50.15974481593781 58.89821729050889 39.20459156782532 41.10960958218893 50.53711507397311 40.45985664828782 28.442925306655784 42.43819034784589 36.0 59.39696961966999 43.289721643826724 30.083217912982647 25.079872407968907 39.05124837953327 29.427877939124322 40.0 25.553864678361276 40.049968789001575 52.009614495783374 43.04648650006177 60.802960454241045 62.00806399170998 42.638011210655684 31.25699921617557 41.182520563948 15.264337522473747 52.478567053607705 55.226805085936306 40.0 29.274562336608895 53.41348144429457 23.769728648009426 50.15974481593781 58.89821729050889 39.20459156782532 41.10960958218893 50.53711507397311 40.45985664828782 28.442925306655784 42.43819034784589 36.0 59.39696961966999 43.289721643826724 30.083217912982647 25.079872407968907 39.05124837953327 29.427877939124322 40.0 25.553864678361276 40.049968789001575 52.009614495783374 43.04648650006177 60.802960454241045 62.00806399170998 42.638011210655684 31.25699921617557 41.182520563948 15.264337522473747 52.478567053607705 55.226805085936306 40.0 29.274562336608895 53.41348144429457 23.769728648009426 50.15974481593781 58.89821729050889 39.20459156782532 41.10960958218893 50.53711507397311 40.45985664828782 28.442925306655784 42.43819034784589 36.0 59.39696961966999 43.289721643826724 30.083217912982647 25.079872407968907 39.05124837953327 29.427877939124322 40.0 25.553864678361276 40.049968789001575 52.009614495783374 43.04648650006177 60.802960454241045 62.00806399170998 42.638011210655684 31.25699921617557 41.182520563948 15.264337522473747 52.478567053607705 55.226805085936306 40.0 29.274562336608895 53.41348144429457 23.769728648009426 50.15974481593781 58.89821729050889 39.20459156782532 41.10960958218893 50.53711507397311 40.45985664828782 28.442925306655784 42.43819034784589 36.0 59.39696961966999 43.289721643826724 30.083217912982647 25.079872407968907 39.05124837953327 29.427877939124322 40.0 25.553864678361276 40.049968789001575 52.009614495783374 43.04648650006177 60.802960454241045 62.00806399170998 42.638011210655684 31.25699921617557 41.182520563948 15.264337522473747 52.478567053607705 55.226805085936306 40.0 29.274562336608895 53.41348144429457 23.769728648009426 50.15974481593781 58.89821729050889 39.20459156782532 41.10960958218893 50.53711507397311 40.45985664828782 28.442925306655784 42.43819034784589 36.0 59.39696961966999 43.289721643826724 30.083217912982647 25.079872407968907 39.05124837953327 29.427877939124322 40.0 25.553864678361276 40.049968789001575 52.009614495783374 43.04648650006177 60.802960454241045 62.00806399170998 42.638011210655684 31.25699921617557 41.182520563948 15.264337522473747 52.478567053607705 55.226805085936306 40.0 29.274562336608895 53.41348144429457 23.769728648009426 50.15974481593781 58.89821729050889 39.20459156782532 41.10960958218893 50.53711507397311 40.45985664828782 28.442925306655784 42.43819034784589 36.0 59.39696961966999 43.289721643826724 30.083217912982647 25.079872407968907 39.05124837953327 29.427877939124322 40.0 25.553864678361276 40.049968789001575 52.009614495783374 43.04648650006177 60.802960454241045 62.00806399170998 42.638011210655684 31.25699921617557 41.182520563948 15.264337522473747 52.478567053607705 55.226805085936306 40.0 29.274562336608895 53.41348144429457 23.769728648009426 50.15974481593781 58.89821729050889 39.20459156782532 41.10960958218893 50.53711507397311 40.45985664828782 28.442925306655784 42.43819034784589 36.0 59.39696961966999 43.289721643826724 30.083217912982647 25.079872407968907 39.05124837953327 29.427877939124322 40.0 25.553864678361276 40.049968789001575 52.009614495783374 43.04648650006177 60.802960454241045 62.00806399170998 42.638011210655684 31.25699921617557 41.182520563948 15.264337522473747 52.478567053607705 55.226805085936306 40.0 29.274562336608895 53.41348144429457 23.769728648009426 50.15974481593781 58.89821729050889 39.20459156782532 41.10960958218893 50.53711507397311 40.45985664828782 28.442925306655784 42.43819034784589 36.0 59.39696961966999 43.289721643826724 30.083217912982647 25.079872407968907 39.05124837953327 29.427877939124322 40.0 25.553864678361276 40.049968789001575 52.009614495783374 43.04648650006177 60.802960454241045 62.00806399170998 42.638011210655684 31.25699921617557 41.182520563948 15.264337522473747 52.478567053607705 55.226805085936306 40.0 29.274562336608895 53.41348144429457 23.769728648009426 50.15974481593781 58.89821729050889 39.20459156782532 41.10960958218893 50.53711507397311 40.45985664828782 28.442925306655784 42.43819034784589 36.0 59.39696961966999 43.289721643826724 30.083217912982647 25.079872407968907 39.05124837953327 29.427877939124322 40.0 25.553864678361276 40.049968789001575 52.009614495783374 43.04648650006177 60.802960454241045 62.00806399170998 42.638011210655684 31.25699921617557 41.182520563948 15.264337522473747 52.478567053607705 55.226805085936306 40.0 29.274562336608895 53.41348144429457
tskDis  0.0 61.68468205316454 52.32590180780452 60.959002616512684 37.21558813185679 26.92582403567252 62.48199740725323 45.803929962395145 63.655321851358195 34.828149534535996 54.78138369920935 38.01315561749642 49.57822102496216 7.615773105863909 61.07372593840988 8.06225774829855 38.01315561749642 4.0 36.89173349139343 45.18849411078001 55.71355310873648 52.478567053607705 54.20332093147061 65.73431371817918 28.42534080710379 61.554853586049575 14.560219778561036 29.206163733020468 49.76946855251722 38.01315561749642 8.602325267042627 52.172789842982326 61.68468205316454 0.0 42.720018726587654 33.83784863137726 91.00549433962765 83.72574275573791 35.510561809129406 23.769728648009426 31.76476034853718 86.09297300012354 38.8329756778952 93.00537618869137 26.627053911388696 56.08029957123981 35.22782990761707 60.41522986797286 90.08884503644167 65.52098900352466 90.0222194794152 41.14608122288197 7.280109889280518 47.12748667179272 46.57252408878007 43.56604182158393 81.0 27.784887978899608 63.12685640834652 87.23531395025755 39.21734310225516 90.08884503644167 59.50630218724736 30.083217912982647 52.32590180780452 42.720018726587654 0.0 69.35416353759881 89.47066558375433 61.0 71.34423592694787 50.99019513592785 69.06518659932803 86.6083136886985 5.0 90.33825324855468 56.88585061331157 44.721359549995796 70.45565981523414 45.880278987817846 90.0499861188218 55.94640292279746 89.06739021662193 7.211102550927978 43.289721643826724 4.47213595499958 4.0 78.77182237323191 80.26207074328447 65.03076195155643 63.00793600809346 65.0 4.123105625617661 90.0499861188218 44.94441010848846 12.649110640673518 60.959002616512684 33.83784863137726 69.35416353759881 0.0 76.89603370785778 87.6184911990614 2.0 19.235384061671343 4.0 71.16881339463234 66.91038783328041 79.47955712005447 13.341664064126334 59.07622195096772 1.4142135623730951 64.07027391856539 74.94664769020693 63.655321851358195 75.61084578286372 65.00769185258002 28.635642126552707 73.17103251970687 73.33484846919642 9.848857801796104 68.0294054067798 6.4031242374328485 54.405882034941776 90.13878188659973 65.27633568147036 74.94664769020693 63.51377803280167 58.05170109479997 37.21558813185679 91.00549433962765 89.47066558375433 76.89603370785778 0.0 45.69463863518345 77.62087348130012 69.46221994724903 80.65358020571685 5.830951894845301 91.706052144883 2.8284271247461903 70.40596565632774 44.77722635447622 76.32168761236873 44.40720662234904 3.1622776601683795 33.83784863137726 1.4142135623730951 82.29823813423954 84.00595217006948 89.69392398596462 91.4166286842826 76.94153624668537 10.04987562112089 80.36168241145776 28.442925306655784 44.27188724235731 86.76404785393545 3.1622776601683795 45.221676218380054 88.25531145489205 26.92582403567252 83.72574275573791 61.0 87.6184911990614 45.69463863518345 0.0 89.20201791439474 71.42128534267638 90.13878188659973 46.84015371452148 65.06919393998976 44.721359549995796 75.7429864739964 29.0 87.80091115700337 24.08318915758459 48.104053883222775 25.079872407968907 46.238512086787566 55.14526271584895 78.77182237323191 59.135437767890075 61.1310068623117 92.64987857520376 41.773197148410844 87.78382538941898 38.3275357934736 4.0 60.13318551349163 48.104053883222775 24.839484696748443 66.09841147864296 62.48199740725323 35.510561809129406 71.34423592694787 2.0 77.62087348130012 89.20201791439474 0.0 21.213203435596427 4.47213595499958 71.8679344353238 68.8839603971781 80.23091673413684 15.297058540778355 60.74537019394976 1.4142135623730951 65.73431371817918 75.61084578286372 65.11528238439882 76.32168761236873 67.00746227100382 30.463092423455635 75.16648189186454 75.32595834106593 8.06225774829855 68.87670143089025 7.810249675906654 55.60575509783138 91.67878707749138 67.26812023536856 75.61084578286372 65.19202405202648 60.01666435249463 45.803929962395145 23.769728648009426 50.99019513592785 19.235384061671343 69.46221994724903 71.42128534267638 21.213203435596427 0.0 20.248456731316587 64.19501538281614 49.040799340956916 71.7007670809734 6.0 42.42640687119285 20.09975124224178 47.38143096192854 68.18357573492314 49.09175083453431 68.3593446428504 46.17358552246078 16.55294535724685 54.589376255824725 54.91812087098393 28.0178514522438 59.682493245507096 17.0 43.01162633521314 74.33034373659252 46.87216658103186 68.18357573492314 46.69047011971501 40.496913462633174 63.655321851358195 31.76476034853718 69.06518659932803 4.0 80.65358020571685 90.13878188659973 4.47213595499958 20.248456731316587 0.0 74.94664769020693 66.37017402418047 83.21658488546619 14.7648230602334 61.40032573203501 5.0990195135927845 66.40030120413611 78.74642849044012 66.48308055437865 79.37883848986453 65.06919393998976 27.202941017470888 73.00684899377592 73.06161783043132 12.041594578792296 71.69379331573968 4.123105625617661 57.688820407423826 92.76313923105448 65.03076195155643 78.74642849044012 65.80273550544841 57.42821606144492 34.828149534535996 86.09297300012354 86.6083136886985 71.16881339463234 5.830951894845301 46.84015371452148 71.8679344353238 64.19501538281614 74.94664769020693 0.0 88.58893836140041 8.602325267042627 64.93843238021688 42.20189569201838 70.57619995437555 42.44997055358225 4.0 31.827660925679098 4.47213595499958 79.40403012442127 79.02531240052139 87.09190547921202 88.75246475450696 71.11961754677819 6.4031242374328485 74.72616676907762 24.351591323771842 45.89117562233506 83.72574275573791 4.0 43.18564576337837 84.69356528095862 54.78138369920935 38.8329756778952 5.0 66.91038783328041 91.706052144883 65.06919393998976 68.8839603971781 49.040799340956916 66.37017402418047 88.58893836140041 0.0 92.70382947861431 54.817880294662984 47.16990566028302 68.06614430096654 48.76474136094644 92.13034245024816 58.52349955359813 91.23595782365635 10.04987562112089 40.01249804748511 9.219544457292887 8.06225774829855 76.48529270389177 82.29823813423954 62.289646009589745 64.66065264130884 69.06518659932803 5.0990195135927845 92.13034245024816 47.80167361086848 9.0 38.01315561749642 93.00537618869137 90.33825324855468 79.47955712005447 2.8284271247461903 44.721359549995796 80.23091673413684 71.7007670809734 83.21658488546619 8.602325267042627 92.70382947861431 0.0 72.78049189171504 45.617978911828175 78.92401408950256 44.94441010848846 5.830951894845301 34.48187929913333 4.242640687119285 83.19254774317228 86.05230967266364 90.4267659490264 92.17917335276988 79.64923100695951 12.041594578792296 82.86132994346639 30.14962686336267 43.08131845707603 87.72684879784524 5.830951894845301 45.79301256742124 89.49301648732151 49.57822102496216 26.627053911388696 56.88585061331157 13.341664064126334 70.40596565632774 75.7429864739964 15.297058540778355 6.0 14.7648230602334 64.93843238021688 54.817880294662984 72.78049189171504 0.0 46.861498055439924 14.142135623730951 51.85556864985669 68.8839603971781 52.630789467763066 69.2314957226839 52.15361924162119 19.849433241279208 60.530983801686226 60.8276253029822 22.02271554554524 60.876925020897694 12.041594578792296 45.18849411078001 78.49203781276162 52.773099207835045 68.8839603971781 51.22499389946279 46.17358552246078 7.615773105863909 56.08029957123981 44.721359549995796 59.07622195096772 44.77722635447622 29.0 60.74537019394976 42.42640687119285 61.40032573203501 42.20189569201838 47.16990566028302 45.617978911828175 46.861498055439924 0.0 59.36328831862332 5.0 45.48626166217664 11.40175425099138 44.41846462902562 37.57658845611187 50.53711507397311 44.94441010848846 46.647615158762406 64.8459713474939 35.805027579936315 58.89821729050889 20.248456731316587 32.01562118716424 42.15447781671598 45.48626166217664 4.47213595499958 44.721359549995796 61.07372593840988 35.22782990761707 70.45565981523414 1.4142135623730951 76.32168761236873 87.80091115700337 1.4142135623730951 20.09975124224178 5.0990195135927845 70.57619995437555 68.06614430096654 78.92401408950256 14.142135623730951 59.36328831862332 0.0 64.35060217278468 74.33034373659252 63.702433234531945 75.02666192761077 66.03029607687671 29.966648127543394 74.24284477308234 74.43117626371358 8.54400374531753 67.54257916307313 7.810249675906654 54.20332093147061 90.27181176868004 66.37017402418047 74.33034373659252 63.812224534175265 59.22837157984339 8.06225774829855 60.41522986797286 45.880278987817846 64.07027391856539 44.40720662234904 24.08318915758459 65.73431371817918 47.38143096192854 66.40030120413611 42.44997055358225 48.76474136094644 44.94441010848846 51.85556864985669 5.0 64.35060217278468 0.0 45.45327270945405 10.63014581273465 44.204072210600685 38.897300677553446 55.072679252057455 45.617978911828175 47.4236228055175 69.77105417004964 36.069377593742864 63.89053137985315 22.47220505424423 27.202941017470888 43.68065933568311 45.45327270945405 1.0 47.16990566028302 38.01315561749642 90.08884503644167 90.0499861188218 74.94664769020693 3.1622776601683795 48.104053883222775 75.61084578286372 68.18357573492314 78.74642849044012 4.0 92.13034245024816 5.830951894845301 68.8839603971781 45.48626166217664 74.33034373659252 45.45327270945405 0.0 34.828149534535996 2.0 82.85529554590944 83.02409288875127 90.4267659490264 92.11405973031478 74.68600939935136 9.848857801796104 78.587530817554 28.160255680657446 46.84015371452148 87.23531395025755 0.0 46.22769732530488 88.3911760301898 4.0 65.52098900352466 55.94640292279746 63.655321851358195 33.83784863137726 25.079872407968907 65.11528238439882 49.09175083453431 66.48308055437865 31.827660925679098 58.52349955359813 34.48187929913333 52.630789467763066 11.40175425099138 63.702433234531945 10.63014581273465 34.828149534535996 0.0 33.60059523282288 48.84669896727925 59.464274989274024 55.94640292279746 57.706152185014034 68.00735254367721 25.45584412271571 64.53681120105021 14.0 26.92582403567252 53.48831648126533 34.828149534535996 11.40175425099138 56.089214649520635 36.89173349139343 90.0222194794152 89.06739021662193 75.61084578286372 1.4142135623730951 46.238512086787566 76.32168761236873 68.3593446428504 79.37883848986453 4.47213595499958 91.23595782365635 4.242640687119285 69.2314957226839 44.41846462902562 75.02666192761077 44.204072210600685 2.0 33.60059523282288 0.0 81.88406438373708 83.0 89.35882720806042 91.0659101969557 75.59100475585703 9.219544457292887 79.12016177940993 27.65863337187866 44.9221548904324 86.31338250816034 2.0 45.0 87.66413177577246 45.18849411078001 41.14608122288197 7.211102550927978 65.00769185258002 82.29823813423954 55.14526271584895 67.00746227100382 46.17358552246078 65.06919393998976 79.40403012442127 10.04987562112089 83.19254774317228 52.15361924162119 37.57658845611187 66.03029607687671 38.897300677553446 82.85529554590944 48.84669896727925 81.88406438373708 0.0 40.52159917870962 8.94427190999916 10.0 74.16872656315464 73.06161783043132 61.1310068623117 55.80322571321482 59.135437767890075 5.0 82.85529554590944 37.94733192202055 12.806248474865697 55.71355310873648 7.280109889280518 43.289721643826724 28.635642126552707 84.00595217006948 78.77182237323191 30.463092423455635 16.55294535724685 27.202941017470888 79.02531240052139 40.01249804748511 86.05230967266364 19.849433241279208 50.53711507397311 29.966648127543394 55.072679252057455 83.02409288875127 59.464274989274024 83.0 40.52159917870962 0.0 47.51841748206689 47.265209192385896 38.48376280978771 74.02702209328699 23.08679276123039 56.32051136131489 82.15229759416349 39.45883931389772 83.02409288875127 54.20332093147061 31.016124838541646 52.478567053607705 47.12748667179272 4.47213595499958 73.17103251970687 89.69392398596462 59.135437767890075 75.16648189186454 54.589376255824725 73.00684899377592 87.09190547921202 9.219544457292887 90.4267659490264 60.530983801686226 44.94441010848846 74.24284477308234 45.617978911828175 90.4267659490264 55.94640292279746 89.35882720806042 8.94427190999916 47.51841748206689 0.0 2.0 82.49242389456137 80.7093550959243 69.0 63.89053137985315 63.12685640834652 8.06225774829855 90.4267659490264 44.721359549995796 17.08800749063506 54.20332093147061 46.57252408878007 4.0 73.33484846919642 91.4166286842826 61.1310068623117 75.32595834106593 54.91812087098393 73.06161783043132 88.75246475450696 8.06225774829855 92.17917335276988 60.8276253029822 46.647615158762406 74.43117626371358 47.4236228055175 92.11405973031478 57.706152185014034 91.0659101969557 10.0 47.265209192385896 2.0 0.0 82.73451516749222 82.37718130647589 69.02897942168927 65.43699259593154 65.12296062065974 8.06225774829855 92.11405973031478 46.51881339845203 16.492422502470642 65.73431371817918 43.56604182158393 78.77182237323191 9.848857801796104 76.94153624668537 92.64987857520376 8.06225774829855 28.0178514522438 12.041594578792296 71.11961754677819 76.48529270389177 79.64923100695951 22.02271554554524 64.8459713474939 8.54400374531753 69.77105417004964 74.68600939935136 68.00735254367721 75.59100475585703 74.16872656315464 38.48376280978771 82.49242389456137 82.73451516749222 0.0 68.79680225126747 15.811388300841896 57.28001396647874 94.86832980505137 74.67261881037788 74.68600939935136 69.31810730249349 67.68308503607086 28.42534080710379 81.0 80.26207074328447 68.0294054067798 10.04987562112089 41.773197148410844 68.87670143089025 59.682493245507096 71.69379331573968 6.4031242374328485 82.29823813423954 12.041594578792296 60.876925020897694 35.805027579936315 67.54257916307313 36.069377593742864 9.848857801796104 25.45584412271571 9.219544457292887 73.06161783043132 74.02702209328699 80.7093550959243 82.37718130647589 68.79680225126747 0.0 71.16881339463234 18.439088914585774 41.19465984809196 77.41446893184762 9.848857801796104 36.796738985948195 78.54934754662193 61.554853586049575 27.784887978899608 65.03076195155643 6.4031242374328485 80.36168241145776 87.78382538941898 7.810249675906654 17.0 4.123105625617661 74.72616676907762 62.289646009589745 82.86132994346639 12.041594578792296 58.89821729050889 7.810249675906654 63.89053137985315 78.587530817554 64.53681120105021 79.12016177940993 61.1310068623117 23.08679276123039 69.0 69.02897942168927 15.811388300841896 71.16881339463234 0.0 56.43580423808985 90.52071586106685 61.00819617067857 78.587530817554 63.25345840347388 53.33854141237835 14.560219778561036 63.12685640834652 63.00793600809346 54.405882034941776 28.442925306655784 38.3275357934736 55.60575509783138 43.01162633521314 57.688820407423826 24.351591323771842 64.66065264130884 30.14962686336267 45.18849411078001 20.248456731316587 54.20332093147061 22.47220505424423 28.160255680657446 14.0 27.65863337187866 55.80322571321482 56.32051136131489 63.89053137985315 65.43699259593154 57.28001396647874 18.439088914585774 56.43580423808985 0.0 39.56008088970496 59.90826320300064 28.160255680657446 22.847319317591726 60.41522986797286 29.206163733020468 87.23531395025755 65.0 90.13878188659973 44.27188724235731 4.0 91.67878707749138 74.33034373659252 92.76313923105448 45.89117562233506 69.06518659932803 43.08131845707603 78.49203781276162 32.01562118716424 90.27181176868004 27.202941017470888 46.84015371452148 26.92582403567252 44.9221548904324 59.135437767890075 82.15229759416349 63.12685640834652 65.12296062065974 94.86832980505137 41.19465984809196 90.52071586106685 39.56008088970496 0.0 64.1248781675256 46.84015371452148 28.0178514522438 70.03570517957252 49.76946855251722 39.21734310225516 4.123105625617661 65.27633568147036 86.76404785393545 60.13318551349163 67.26812023536856 46.87216658103186 65.03076195155643 83.72574275573791 5.0990195135927845 87.72684879784524 52.773099207835045 42.15447781671598 66.37017402418047 43.68065933568311 87.23531395025755 53.48831648126533 86.31338250816034 5.0 39.45883931389772 8.06225774829855 8.06225774829855 74.67261881037788 77.41446893184762 61.00819617067857 59.90826320300064 64.1248781675256 0.0 87.23531395025755 42.720018726587654 9.433981132056603 38.01315561749642 90.08884503644167 90.0499861188218 74.94664769020693 3.1622776601683795 48.104053883222775 75.61084578286372 68.18357573492314 78.74642849044012 4.0 92.13034245024816 5.830951894845301 68.8839603971781 45.48626166217664 74.33034373659252 45.45327270945405 0.0 34.828149534535996 2.0 82.85529554590944 83.02409288875127 90.4267659490264 92.11405973031478 74.68600939935136 9.848857801796104 78.587530817554 28.160255680657446 46.84015371452148 87.23531395025755 0.0 46.22769732530488 88.3911760301898 8.602325267042627 59.50630218724736 44.94441010848846 63.51377803280167 45.221676218380054 24.839484696748443 65.19202405202648 46.69047011971501 65.80273550544841 43.18564576337837 47.80167361086848 45.79301256742124 51.22499389946279 4.47213595499958 63.812224534175265 1.0 46.22769732530488 11.40175425099138 45.0 37.94733192202055 54.20332093147061 44.721359549995796 46.51881339845203 69.31810730249349 36.796738985948195 63.25345840347388 22.847319317591726 28.0178514522438 42.720018726587654 46.22769732530488 0.0 46.17358552246078 52.172789842982326 30.083217912982647 12.649110640673518 58.05170109479997 88.25531145489205 66.09841147864296 60.01666435249463 40.496913462633174 57.42821606144492 84.69356528095862 9.0 89.49301648732151 46.17358552246078 44.721359549995796 59.22837157984339 47.16990566028302 88.3911760301898 56.089214649520635 87.66413177577246 12.806248474865697 31.016124838541646 17.08800749063506 16.492422502470642 67.68308503607086 78.54934754662193 53.33854141237835 60.41522986797286 70.03570517957252 9.433981132056603 88.3911760301898 46.17358552246078 0.0

rob_x  50 50 50 50 50 50 50 50 50 50 50 50 50 50 50 50 50 50 50 50 50 50 50 50 50 50 50 50 50 50 50 50
rob_y  50 50 50 50 50 50 50 50 50 50 50 50 50 50 50 50 50 50 50 50 50 50 50 50 50 50 50 50 50 50 50 50
rob_vel  1 1 1 1 1 1 1 1 1 1 1 1 1 1 1 1 1 1 1 1 1 1 1 1 1 1 1 1 1 1 1 1
rob_abi  0.1297570468393036 0.6186385974588151 1.8767064783063372 1.525595530934466 0.6445327081974446 1.5102712063457264 0.7979610714334379 0.4362305953224084 0.7855982198168134 1.1586044880290822 0.6285487413304707 0.21468400741306273 1.2872951362718286 0.37760143621261033 0.8239053493542281 1.4737799591844165 1.7289913913301653 0.024222517040036105 0.8808385873407996 0.5526172351825528 0.05386493492817197 1.6391362064359276 1.0791477618067622 0.642900136242507 0.20590738096158578 1.0827117535070412 0.7660935961877073 0.837192576990361 1.3113895154014286 0.41118068682526604 1.5296027469220606 1.5286766976222392

tsk_x  72 54 95 26 53 95 24 45 26 50 92 55 39 75 25 79 50 72 52 91 52 99 99 17 54 30 58 95 91 50 79 83
tsk_y  41 100 88 81 9 27 81 78 85 14 92 7 78 48 80 45 10 37 10 82 93 86 88 77 19 86 37 23 87 10 46 92
tsk_rat  0.2 0.2 0.2 0.2 0.2 0.2 0.2 0.2 0.2 0.2 0.2 0.2 0.2 0.2 0.2 0.2 0.2 0.2 0.2 0.2 0.2 0.2 0.2 0.2 0.2 0.2 0.2 0.2 0.2 0.2 0.2 0.2
tsk_state  1 1 1 1 1 1 1 1 1 1 1 1 1 1 1 1 1 1 1 1 1 1 1 1 1 1 1 1 1 1 1 1
