time 2018-09-07 11:22:42
robNum  30
tskNum  30
max_cordx  100
max_cordy  100
max_vel  2.5
max_abi  0.02
max_rat  0.02
max_state  1.2
comp_threhold  0.1
rob2tskDis  93.74433316206373 46.04345773288535 51.92301994298868 17.804493814764857 71.0 14.866068747318506 59.64059020499378 41.400483088968905 53.150729063673246 25.612496949731394 65.86349520030045 68.35202996254024 17.46424919657298 66.03029607687671 56.568542494923804 65.60487786742691 77.82673062643708 31.622776601683793 18.110770276274835 51.54609587543949 3.1622776601683795 25.317977802344327 59.464274989274024 40.11234224026316 50.48762224545735 3.1622776601683795 68.0294054067798 41.0 37.0 54.91812087098393 44.40720662234904 79.64923100695951 71.61005515987263 88.07383266328314 8.06225774829855 58.077534382926416 55.90169943749474 42.5440947723653 75.21303078589507 57.271284253105414 62.625873247404705 32.984845004941285 82.56512580987206 57.201398584300364 93.29523031752481 37.73592452822641 44.10215414239989 42.04759208325728 74.67261881037788 69.40461079784254 73.17103251970687 82.85529554590944 32.2490309931942 32.38826948140329 89.47066558375433 71.84705978674423 37.36308338453881 79.20227269466452 77.62087348130012 18.110770276274835 102.80077820717118 56.32051136131489 62.6418390534633 10.04987562112089 75.66372975210778 23.430749027719962 70.178344238091 50.93132631298737 63.788713735268246 36.05551275463989 76.53757247260981 69.42621983083913 6.708203932499369 76.55063683601855 66.12110101926616 75.07329751649384 77.4919350642375 39.44616584663204 10.0 62.297672508690084 13.341664064126334 15.0 60.8276253029822 45.880278987817846 60.07495318350236 8.602325267042627 68.41052550594829 51.15662224971465 47.16990566028302 61.35144660071187 63.0 14.317821063276353 2.23606797749979 69.35416353759881 76.4198926981712 47.01063709417264 19.235384061671343 32.449961479175904 4.0 32.01562118716424 18.681541692269406 90.4267659490264 71.47027354082255 23.08679276123039 23.345235059857504 38.897300677553446 103.24727599312246 44.598206241955516 71.19691004531025 3.1622776601683795 51.54609587543949 79.30952023559341 82.85529554590944 55.00909015790027 22.090722034374522 56.753854494650845 92.78469701410896 18.601075237738275 21.213203435596427 57.3149195236284 78.71467461661771 30.59411708155671 34.52535300326414 34.828149534535996 65.0 12.529964086141668 42.01190307520001 26.570660511172846 36.124783736376884 8.94427190999916 48.02082881417188 68.81860213634101 35.34119409414458 48.41487374764082 43.08131845707603 50.11985634456667 80.15609770940699 22.80350850198276 34.52535300326414 33.95585369269929 15.811388300841896 42.720018726587654 60.0 34.539832078341085 37.16180835212409 20.248456731316587 69.65629906907199 26.248809496813376 22.47220505424423 46.389654018972806 71.80529228406496 11.661903789690601 15.231546211727817 51.894122981316485 72.56031973468694 31.575306807693888 29.068883707497267 27.313000567495326 16.278820596099706 17.88854381999832 32.64965543462902 82.07313811473277 54.120236510939236 34.9857113690718 25.612496949731394 44.181444068749045 94.36630754670864 34.058772731852805 54.3323108288245 15.264337522473747 34.20526275297414 62.16912416947821 73.7563556583431 45.967379738244816 20.518284528683193 39.6232255123179 83.73768566183328 9.433981132056603 8.06225774829855 52.839379254491625 88.75246475450696 73.16419889536138 73.54590403278758 44.384682042344295 47.41307836451879 30.886890422961002 71.17583859709698 47.16990566028302 76.15773105863909 43.965895873961216 79.1012010022604 35.05709628591621 36.49657518178932 76.53103945458993 86.33075929238663 66.12866246946176 42.37924020083418 32.01562118716424 27.294688127912362 72.18032973047436 39.05124837953327 33.13608305156178 27.073972741361768 27.313000567495326 80.49844718999243 33.83784863137726 33.54101966249684 69.35416353759881 65.7419196555744 40.607881008493905 69.52697318307479 56.302753041036986 54.42425929675111 48.05205510693585 38.01315561749642 19.924858845171276 50.00999900019995 26.0 57.38466694161429 27.018512172212592 58.0 38.600518131237564 42.720018726587654 55.226805085936306 70.21395872616783 45.18849411078001 50.20956084253277 11.40175425099138 35.35533905932738 52.81098370604357 34.23448553724738 44.10215414239989 29.832867780352597 8.06225774829855 64.81512169239521 32.0624390837628 39.6232255123179 53.41348144429457 50.32891812864648 23.706539182259394 50.0 29.120439557122072 20.0 65.85590330410783 55.90169943749474 36.6742416417845 11.704699910719626 13.341664064126334 23.600847442411894 22.80350850198276 19.235384061671343 70.71067811865476 65.45991139621256 17.88854381999832 42.04759208325728 22.090722034374522 83.64807230295268 28.0 62.609903369994115 17.804493814764857 46.75467891024384 71.58910531638176 63.56099432828282 36.40054944640259 38.897300677553446 50.21951811795888 73.348483283569 30.14962686336267 30.01666203960727 36.87817782917155 73.24616030891995 12.36931687685298 12.041594578792296 71.56814934033156 87.86353054595519 53.75872022286245 30.364452901377952 43.278170016764804 8.48528137423857 39.56008088970496 28.0178514522438 101.01980003939822 74.96665925596525 33.24154027718932 13.152946437965905 50.32891812864648 113.718951806636 54.120236510939236 76.05918747922567 14.212670403551895 55.326304774492215 83.48652585896721 93.1933474020544 65.19202405202648 14.422205101855956 61.1310068623117 103.1746092796091 17.72004514666935 21.587033144922902 68.59300255857006 27.784887978899608 52.61178575186362 41.7612260356422 83.81527307120105 41.6293165929973 51.85556864985669 22.825424421026653 24.698178070456937 45.221676218380054 42.04759208325728 28.319604517012593 62.80127387243033 81.46778504415104 22.627416997969522 64.5600495662759 2.8284271247461903 75.50496672405067 36.87817782917155 76.4198926981712 39.56008088970496 65.19202405202648 85.63293758829018 58.034472514187634 37.69615364994153 62.16912416947821 67.00746227100382 66.48308055437865 54.08326913195984 54.00925846556311 28.0 26.40075756488817 67.446274915669 57.38466694161429 89.89994438263018 28.284271247461902 57.77542730261716 39.11521443121589 34.132096331752024 60.92618484691127 51.62363799656123 44.68780594300866 52.08646657242167 86.09297300012354 38.948684188300895 80.05623023850174 19.209372712298546 64.03124237432849 41.14608122288197 79.63039620647382 55.154328932550705 72.44998274671983 88.60022573334675 49.24428900898052 36.796738985948195 77.20103626247513 72.91776189653656 56.22277118748239 68.24954212300622 67.60177512462228 22.20360331117452 48.05205510693585 29.274562336608895 18.788294228055936 69.52697318307479 58.0 40.718546143004666 7.615773105863909 17.11724276862369 22.360679774997898 26.627053911388696 15.132745950421556 73.79024325749306 69.33974329343886 13.892443989449804 41.43669871020132 21.095023109728988 86.76404785393545 32.01562118716424 66.64082832618455 16.55294535724685 50.44799302251776 75.59100475585703 66.85057965343307 40.024992192379 38.8329756778952 54.08326913195984 76.55716818169282 31.016124838541646 31.400636936215164 39.408120990476064 114.63420083029322 66.49060083951716 73.7360156233031 8.246211251235321 85.14693182963201 35.38361202590826 82.09750300709517 62.93647591023825 74.63243262818116 48.010415536631214 88.32326986700618 76.16429609731846 5.830951894845301 88.48163651289458 75.1065909225016 87.04596486914255 82.76472678623425 51.03920062069938 14.035668847618199 73.53910524340094 24.596747752497688 10.0 68.00735254367721 56.462376853972415 69.18092222571191 20.615528128088304 74.54528824815154 61.18823416311342 57.271284253105414 72.09022125087424 90.82400563727631 90.4267659490264 88.95504482602435 63.90618123468183 41.400483088968905 49.678969393496885 82.87339742040264 59.43904440685432 91.92388155425118 60.90155991434045 90.93404203047393 20.12461179749811 55.65968020030299 87.36704184073076 104.10091258005379 73.24616030891995 23.194827009486403 45.880278987817846 46.486557196677836 87.31551981177229 59.20304046246274 50.635955604688654 16.401219466856727 36.49657518178932 98.47842403288143 54.08326913195984 16.76305461424021 87.13208364316786 83.7615663654877 43.73785545725808 86.03487664894976 88.50988645343524 86.4060183089118 65.52098900352466 36.40054944640259 48.79549159502341 79.42921376924235 56.32051136131489 89.47066558375433 59.07622195096772 87.47571091451616 15.811388300841896 57.48912940721924 83.72574275573791 102.34256201600583 69.06518659932803 21.18962010041709 43.382023926967726 48.27007354458868 84.69356528095862 59.36328831862332 53.150729063673246 11.40175425099138 33.24154027718932 96.83491106000976 54.589376255824725 13.038404810405298 85.44588931013593 82.20097323024831 39.319206502675 74.33034373659252 55.47071299343465 54.817880294662984 42.7551166528639 43.104524124504614 16.1245154965971 52.3450093132096 28.442925306655784 57.56735185849702 25.942243542145693 60.207972893961475 41.677331968349414 37.33630940518894 57.87054518492115 69.1158447825099 49.24428900898052 52.630789467763066 13.152946437965905 30.01666203960727 53.36665625650534 29.614185789921695 38.8329756778952 32.7566787083184 13.416407864998739 63.51377803280167 27.0 42.20189569201838 52.15361924162119 48.82622246293481 29.068883707497267 89.88882021697692 27.202941017470888 36.05551275463989 32.01562118716424 79.55501241279521 25.0 49.4064773081425 39.319206502675 36.235341863986875 22.0 53.75872022286245 82.68010643437755 36.013886210738214 55.60575509783138 36.05551275463989 61.35144660071187 93.60021367496978 37.36308338453881 38.8329756778952 36.40054944640259 17.72004514666935 45.044422518220834 73.78346698278686 49.040799340956916 30.01666203960727 24.041630560342615 83.23460818673925 21.840329667841555 18.027756377319946 60.8276253029822 85.21150157109074 105.55093557141026 101.25709851659784 88.76936408468859 33.015148038438355 69.33974329343886 90.37698822156003 69.8927750200262 104.62313319720452 77.10382610480494 98.08669634563088 12.041594578792296 80.8084154033477 93.40770846134703 119.6703806294607 75.69015788066504 4.242640687119285 60.108235708594876 71.58910531638176 99.29753269845128 81.39410298049853 76.4198926981712 20.615528128088304 48.16637831516918 114.58621208504974 77.07788269017254 11.180339887498949 103.24727599312246 100.41912168506553 46.61544808322666 75.58438992278762 75.45197147855052 72.91776189653656 59.21148537234985 30.528675044947494 37.44329045369811 65.92419889539804 42.720018726587654 76.02631123499285 46.22769732530488 73.97972695272672 20.615528128088304 52.0 70.34912934784623 89.40357934669059 56.43580423808985 31.240998703626616 30.01666203960727 43.04648650006177 71.17583859709698 49.76946855251722 49.8196748283246 11.704699910719626 19.6468827043885 84.02380615040002 45.880278987817846 20.808652046684813 72.62231062146122 69.52697318307479 27.51363298439521 41.340053217188775 61.29437168288782 53.41348144429457 75.39230729988306 22.67156809750927 43.68065933568311 38.8329756778952 24.351591323771842 57.0087712549569 40.11234224026316 46.14108798023731 41.773197148410844 71.11961754677819 41.14608122288197 74.94664769020693 23.345235059857504 54.57105459856901 26.92582403567252 64.35060217278468 51.22499389946279 58.69412236331676 73.23933369440222 37.0 21.2602916254693 71.11961754677819 58.52349955359813 45.39823785126467 60.92618484691127 59.464274989274024 7.280109889280518 83.21658488546619 104.06248123122954 99.62429422585637 88.29496021857646 31.016124838541646 68.26419266350405 88.56635930193812 68.24221567329127 103.00485425454472 75.7429864739964 96.25487000666512 10.63014581273465 80.4114419718985 91.54780172128658 118.1905241548577 73.76313442364011 5.830951894845301 58.69412236331676 71.19691004531025 97.65244492586962 80.52949770115296 76.23647421018367 19.4164878389476 46.69047011971501 113.14592347937243 76.32168761236873 10.44030650891055 101.82337649086284 99.03534722511958 44.77722635447622 29.732137494637012 58.240879114244144 48.33218389437829 82.85529554590944 32.69556544854363 50.60632371551998 30.610455730027933 25.495097567963924 51.894122981316485 43.174066289845804 36.796738985948195 54.3323108288245 79.63039620647382 31.240998703626616 70.9365914038728 11.661903789690601 66.91038783328041 34.40930106817051 73.7563556583431 46.09772228646444 64.88451279003334 82.87943049997388 50.039984012787215 32.449961479175904 68.00735254367721 65.86349520030045 58.137767414994535 59.033888572581766 58.42088667591412 20.396078054371138 103.39245620450265 71.34423592694787 75.16648189186454 26.92582403567252 66.85057965343307 30.4138126514911 78.10889834071403 55.46169849544819 77.02596964660685 45.5411901469428 85.44003745317531 55.00909015790027 18.35755975068582 84.15461959987698 82.76472678623425 77.93587107359485 61.0 40.8166632639171 9.899494936611665 74.33034373659252 29.732137494637012 13.0 47.265209192385896 41.773197148410844 76.68767828015137 23.40939982143925 53.08483775994799 66.61080993352356 62.64982043070834 57.0087712549569 62.42595614005443 39.05124837953327 36.40054944640259 49.09175083453431 46.8187996428785 17.029386365926403 33.734255586866 10.816653826391969 39.395431207184416 11.704699910719626 41.43669871020132 54.48853090330111 46.69047011971501 39.56008088970496 53.150729063673246 34.655446902326915 66.84309986827361 6.708203932499369 42.20189569201838 34.785054261852174 30.870698080866262 51.40038910358559 46.22769732530488 18.384776310850235 48.08326112068523 32.202484376209235 56.22277118748239 36.796738985948195 34.20526275297414 27.65863337187866 40.24922359499622 41.7612260356422 32.2490309931942 71.84010022264724 44.68780594300866 40.311288741492746 17.0 12.727922061357855 35.84689665786984 29.5296461204668 24.698178070456937 62.03224967708329 70.00714249274856 20.396078054371138 54.62600113499065 11.661903789690601 75.02666192761077 26.832815729997478 65.60487786742691 30.01666203960727 53.009433122794285 74.81310045707235 55.78530272392541 31.064449134018133 51.54609587543949 55.226805085936306 65.14598989960932 42.579337712087536 42.1070065428546 26.832815729997478 28.284271247461902 57.723478758647246 47.53945729601885 83.86298349093002 34.539832078341085 51.62363799656123 29.410882339705484 25.96150997149434 51.07837115648854 43.68065933568311 35.35533905932738 56.32051136131489 80.80222769206304 29.732137494637012 70.22819946431775 10.0 68.8839603971781 35.608987629529715 75.07329751649384 45.31004303683677 65.7419196555744 84.21995013059554 52.03844732503075 34.132096331752024 67.446274915669 66.88796603276258 60.13318551349163 58.69412236331676 58.215118311311535 22.360679774997898 94.41398201537736 39.6232255123179 47.01063709417264 20.12461179749811 76.32168761236873 19.1049731745428 57.3149195236284 42.04759208325728 47.75981574503821 24.698178070456937 62.80127387243033 75.64390259630977 23.08679276123039 63.702433234531945 49.09175083453431 65.86349520030045 85.58621384311844 35.12833614050059 25.96150997149434 46.95742752749558 5.656854249492381 32.01562118716424 66.70832032063167 45.17742799230607 43.04648650006177 11.661903789690601 75.59100475585703 34.36568055487916 30.4138126514911 59.07622195096772 76.94153624668537 94.847245611035 90.44335243676011 81.04936767180853 24.515301344262525 59.53990258641679 79.7057087039567 59.07622195096772 93.81364506296512 66.60330322138685 87.46427842267951 2.0 73.43704787094863 82.87339742040264 108.97706180660222 65.5133574166368 12.36931687685298 49.51767361255979 64.28063471995279 88.48163651289458 72.2357252334328 70.00714249274856 10.770329614269007 37.48332962798263 103.9471019317037 68.30812543175226 5.656854249492381 92.63368717696602 89.87213138676528 36.05551275463989 50.48762224545735 81.83520025025906 74.51845409024533 85.98837130682264 2.0 57.07889277132134 59.81638571495272 44.41846462902562 78.10249675906654 57.87054518492115 66.85057965343307 26.92582403567252 80.049984384758 61.587336360651285 95.69221493935649 42.485291572496 38.05259518088089 41.773197148410844 71.84010022264724 72.34638899074369 72.00694410957877 79.71198153351854 26.627053911388696 31.016124838541646 91.58602513484249 70.178344238091 31.32091952673165 81.00617260431454 79.1580697086532 18.788294228055936
tskDis  0.0 76.23647421018367 64.03124237432849 111.50336317797773 52.46903848937962 79.40403012442127 44.10215414239989 52.478567053607705 67.0 69.77105417004964 45.27692569068709 77.27871634544663 108.85311203635843 40.049968789001575 86.09297300012354 28.635642126552707 88.45903006477066 63.7808748764079 103.32473082471591 62.07253821135398 92.9623579735368 112.48555462813881 75.28612089887484 62.00806399170998 85.0235261559999 94.62557793746889 81.58431221748455 78.77182237323191 79.42921376924235 48.373546489791295 76.23647421018367 0.0 12.649110640673518 59.20304046246274 82.92767933567175 42.720018726587654 32.14031735997639 37.44329045369811 10.816653826391969 29.5296461204668 32.89376840679705 93.50935782048768 62.64982043070834 36.87817782917155 14.142135623730951 50.35871324805669 105.89145385724005 45.60701700396552 64.0 14.317821063276353 43.104524124504614 71.25307010929424 85.27602242131137 57.38466694161429 9.848857801796104 49.01020301937138 95.26804291051643 5.385164807134504 9.219544457292887 63.245553203367585 64.03124237432849 12.649110640673518 0.0 67.11929677819934 75.82216034906945 45.0 20.024984394500787 31.400636936215164 3.605551275463989 30.066592756745816 20.248456731316587 89.30845424706443 69.26037828369117 24.331050121192877 22.80350850198276 39.293765408777 102.08329931972223 43.08131845707603 69.05070600652827 2.23606797749979 49.33558553417604 77.12976079309465 81.6333265278342 53.71219600798314 21.0 54.57105459856901 91.58602513484249 16.64331697709324 19.1049731745428 56.568542494923804 111.50336317797773 59.20304046246274 67.11929677819934 0.0 85.70880934886448 32.2490309931942 76.83749084919418 59.20304046246274 67.77905281132217 43.139309220245984 82.66196223173026 79.07591289387686 8.602325267042627 83.24061508662703 67.26812023536856 83.40863264674707 86.68333173107735 48.75448697299562 17.46424919657298 67.08203932499369 19.1049731745428 17.204650534085253 70.57619995437555 55.78530272392541 61.40032573203501 17.0 77.87810988975015 53.85164807134504 50.0 71.16881339463234 52.46903848937962 82.92767933567175 75.82216034906945 85.70880934886448 0.0 57.21887800367987 61.40032573203501 45.48626166217664 79.39773296511683 58.52349955359813 68.5054742338158 25.0 79.62411694957753 63.28506932918696 96.83491106000976 44.28317965096906 36.05551275463989 42.20189569201838 71.30918594402827 73.66138744281159 72.06247289678588 79.05694150420949 25.0 31.144823004794873 92.64987857520376 70.06425622241343 29.410882339705484 81.98780397107853 80.06247560499239 19.72308292331602 79.40403012442127 42.720018726587654 45.0 32.2490309931942 57.21887800367987 0.0 48.33218389437829 27.586228448267445 47.095647357266465 15.132745950421556 55.362442142665635 57.8013840664737 29.698484809834994 54.56189146281496 55.54277630799526 51.66236541235796 68.60029154456998 16.76305461424021 25.942243542145693 44.04543109109048 15.132745950421556 34.9857113690718 48.877397639399746 26.076809620810597 49.658836071740545 15.264337522473747 58.249463516842795 38.62641583165593 34.92849839314596 40.311288741492746 44.10215414239989 32.14031735997639 20.024984394500787 76.83749084919418 61.40032573203501 48.33218389437829 0.0 24.020824298928627 23.194827009486403 34.132096331752024 8.06225774829855 78.92401408950256 76.8505042273634 6.4031242374328485 42.579337712087536 20.12461179749811 91.92388155425118 39.20459156782532 74.24957912338628 18.0 57.8013840664737 83.18653737234169 72.42237223399962 46.389654018972806 41.012193308819754 61.587336360651285 81.93289937503738 34.92849839314596 36.05551275463989 43.829214001622255 52.478567053607705 37.44329045369811 31.400636936215164 59.20304046246274 45.48626166217664 27.586228448267445 24.020824298928627 0.0 34.828149534535996 17.72004514666935 32.0 57.982756057296896 57.28001396647874 29.427877939124322 51.40038910358559 24.20743687382041 70.83078426785913 15.297058540778355 53.009433122794285 29.410882339705484 40.496913462633174 62.20128616033595 50.53711507397311 23.08679276123039 47.16990566028302 42.5205832509386 60.41522986797286 36.6742416417845 35.11409973215888 25.80697580112788 67.0 10.816653826391969 3.605551275463989 67.77905281132217 79.39773296511683 47.095647357266465 23.194827009486403 34.828149534535996 0.0 32.38826948140329 22.561028345356956 92.65527507918802 70.3420215802759 27.073972741361768 19.4164878389476 42.720018726587654 105.39449701004318 46.09772228646444 70.57619995437555 5.830951894845301 50.44799302251776 78.44743462982075 84.90583018850944 56.938563381947034 18.110770276274835 55.90169943749474 94.87360012142472 15.556349186104045 18.601075237738275 60.108235708594876 69.77105417004964 29.5296461204668 30.066592756745816 43.139309220245984 58.52349955359813 15.132745950421556 34.132096331752024 17.72004514666935 32.38826948140329 0.0 40.718546143004666 65.11528238439882 42.720018726587654 40.496913462633174 43.266615305567875 41.182520563948 77.10382610480494 17.204650534085253 40.496913462633174 29.0 24.041630560342615 49.24428900898052 56.568542494923804 29.410882339705484 37.8021163428716 27.459060435491963 66.48308055437865 26.40075756488817 23.345235059857504 39.293765408777 45.27692569068709 32.89376840679705 20.248456731316587 82.66196223173026 68.5054742338158 55.362442142665635 8.06225774829855 32.0 22.561028345356956 40.718546143004666 0.0 86.7294644281861 83.24061508662703 5.830951894845301 41.012193308819754 25.495097567963924 99.72462083156798 47.095647357266465 81.15417426109393 18.788294228055936 63.812224534175265 89.96110270555825 80.36168241145776 54.45181356024793 40.607881008493905 68.0 89.81091247727082 36.6742416417845 38.58756276314948 51.478150704935004 77.27871634544663 93.50935782048768 89.30845424706443 79.07591289387686 25.0 57.8013840664737 78.92401408950256 57.982756057296896 92.65527507918802 65.11528238439882 86.7294644281861 0.0 71.449282711585 82.21921916437786 107.62899237658968 65.11528238439882 13.0 48.08326112068523 62.289646009589745 87.36704184073076 70.3846574190711 68.00735254367721 8.94427190999916 36.124783736376884 102.55242561733974 66.40783086353596 4.47213595499958 91.21951545584969 88.41379982785493 35.4400902933387 108.85311203635843 62.64982043070834 69.26037828369117 8.602325267042627 79.62411694957753 29.698484809834994 76.8505042273634 57.28001396647874 70.3420215802759 42.720018726587654 83.24061508662703 71.449282711585 0.0 83.21658488546619 72.00694410957877 81.34494452638098 78.587530817554 45.221676218380054 9.219544457292887 68.9492567037528 19.924858845171276 9.486832980505138 63.12685640834652 50.695167422546305 66.0 15.264337522473747 70.03570517957252 57.42821606144492 53.46026561849464 66.30987860040162 40.049968789001575 36.87817782917155 24.331050121192877 83.24061508662703 63.28506932918696 54.56189146281496 6.4031242374328485 29.427877939124322 27.073972741361768 40.496913462633174 5.830951894845301 82.21921916437786 83.21658488546619 0.0 46.04345773288535 19.79898987322333 95.1892851112981 44.721359549995796 80.49844718999243 22.561028345356956 64.20280367709809 89.47066558375433 76.15773105863909 51.03920062069938 45.17742799230607 67.95586803212802 85.44003745317531 40.162171256046406 41.6293165929973 46.8187996428785 86.09297300012354 14.142135623730951 22.80350850198276 67.26812023536856 96.83491106000976 55.54277630799526 42.579337712087536 51.40038910358559 19.4164878389476 43.266615305567875 41.012193308819754 107.62899237658968 72.00694410957877 46.04345773288535 0.0 62.0966987850401 119.97082978791136 59.665735560705194 74.67261881037788 25.0 53.46026561849464 81.09870529176159 99.35793878699377 71.50524456289902 6.082762530298219 59.682493245507096 109.34349546269316 17.0 20.615528128088304 77.20103626247513 28.635642126552707 50.35871324805669 39.293765408777 83.40863264674707 44.28317965096906 51.66236541235796 20.12461179749811 24.20743687382041 42.720018726587654 41.182520563948 25.495097567963924 65.11528238439882 81.34494452638098 19.79898987322333 62.0966987850401 0.0 77.87810988975015 37.20215047547655 76.57675887630658 37.107950630558946 64.63745044476924 85.7962703152066 60.13318551349163 38.897300677553446 59.841457201508724 66.70832032063167 68.73136110975832 52.009614495783374 52.08646657242167 30.066592756745816 88.45903006477066 105.89145385724005 102.08329931972223 86.68333173107735 36.05551275463989 68.60029154456998 91.92388155425118 70.83078426785913 105.39449701004318 77.10382610480494 99.72462083156798 13.0 78.587530817554 95.1892851112981 119.97082978791136 77.87810988975015 0.0 60.30754513325841 69.3757882838098 100.16985574512923 80.1311425102625 73.824115301167 20.615528128088304 48.60041152089147 114.76933388322858 75.58438992278762 10.63014581273465 103.39245620450265 100.44899203078147 48.38388161361178 63.7808748764079 45.60701700396552 43.08131845707603 48.75448697299562 42.20189569201838 16.76305461424021 39.20459156782532 15.297058540778355 46.09772228646444 17.204650534085253 47.095647357266465 48.08326112068523 45.221676218380054 44.721359549995796 59.665735560705194 37.20215047547655 60.30754513325841 0.0 39.59797974644666 41.43669871020132 31.78049716414141 48.79549159502341 39.698866482558415 12.206555615733702 54.48853090330111 31.78049716414141 49.678969393496885 43.139309220245984 40.36087214122113 24.0 103.32473082471591 64.0 69.05070600652827 17.46424919657298 71.30918594402827 25.942243542145693 74.24957912338628 53.009433122794285 70.57619995437555 40.496913462633174 81.15417426109393 62.289646009589745 9.219544457292887 80.49844718999243 74.67261881037788 76.57675887630658 69.3757882838098 39.59797974644666 0.0 68.4470598345904 21.213203435596427 9.219544457292887 54.037024344425184 43.41658669218482 68.59300255857006 15.033296378372908 60.8276253029822 59.033888572581766 55.036351623268054 59.0592922409336 62.07253821135398 14.317821063276353 2.23606797749979 67.08203932499369 73.66138744281159 44.04543109109048 18.0 29.410882339705484 5.830951894845301 29.0 18.788294228055936 87.36704184073076 68.9492567037528 22.561028345356956 25.0 37.107950630558946 100.16985574512923 41.43669871020132 68.4470598345904 0.0 49.040799340956916 76.6550715869472 79.75587752636166 51.884487084291386 23.021728866442675 54.120236510939236 89.69392398596462 17.88854381999832 20.0 54.45181356024793 92.9623579735368 43.104524124504614 49.33558553417604 19.1049731745428 72.06247289678588 15.132745950421556 57.8013840664737 40.496913462633174 50.44799302251776 24.041630560342615 63.812224534175265 70.3846574190711 19.924858845171276 64.20280367709809 53.46026561849464 64.63745044476924 80.1311425102625 31.78049716414141 21.213203435596427 49.040799340956916 0.0 28.160255680657446 61.465437442517235 41.0 47.38143096192854 6.324555320336759 70.21395872616783 38.01315561749642 34.0147027033899 55.44366510251645 112.48555462813881 71.25307010929424 77.12976079309465 17.204650534085253 79.05694150420949 34.9857113690718 83.18653737234169 62.20128616033595 78.44743462982075 49.24428900898052 89.96110270555825 68.00735254367721 9.486832980505138 89.47066558375433 81.09870529176159 85.7962703152066 73.824115301167 48.79549159502341 9.219544457292887 76.6550715869472 28.160255680657446 0.0 60.207972893961475 52.15361924162119 75.05997601918082 22.561028345356956 66.06814663663572 66.12110101926616 62.12889826803627 67.7421582177598 75.28612089887484 85.27602242131137 81.6333265278342 70.57619995437555 25.0 48.877397639399746 72.42237223399962 50.53711507397311 84.90583018850944 56.568542494923804 80.36168241145776 8.94427190999916 63.12685640834652 76.15773105863909 99.35793878699377 60.13318551349163 20.615528128088304 39.698866482558415 54.037024344425184 79.75587752636166 61.465437442517235 60.207972893961475 0.0 28.0178514522438 94.17536832951598 57.56735185849702 10.0 82.80700453464067 79.90619500389191 30.066592756745816 62.00806399170998 57.38466694161429 53.71219600798314 55.78530272392541 31.144823004794873 26.076809620810597 46.389654018972806 23.08679276123039 56.938563381947034 29.410882339705484 54.45181356024793 36.124783736376884 50.695167422546305 51.03920062069938 71.50524456289902 38.897300677553446 48.60041152089147 12.206555615733702 43.41658669218482 51.884487084291386 41.0 52.15361924162119 28.0178514522438 0.0 66.46803743153546 39.45883931389772 38.01315561749642 55.17245689653489 52.49761899362675 15.652475842498529 85.0235261559999 9.848857801796104 21.0 61.40032573203501 92.64987857520376 49.658836071740545 41.012193308819754 47.16990566028302 18.110770276274835 37.8021163428716 40.607881008493905 102.55242561733974 66.0 45.17742799230607 6.082762530298219 59.841457201508724 114.76933388322858 54.48853090330111 68.59300255857006 23.021728866442675 47.38143096192854 75.05997601918082 94.17536832951598 66.46803743153546 0.0 53.600373133029585 104.1393297462587 11.40175425099138 14.7648230602334 72.94518489934754 94.62557793746889 49.01020301937138 54.57105459856901 17.0 70.06425622241343 15.264337522473747 61.587336360651285 42.5205832509386 55.90169943749474 27.459060435491963 68.0 66.40783086353596 15.264337522473747 67.95586803212802 59.682493245507096 66.70832032063167 75.58438992278762 31.78049716414141 15.033296378372908 54.120236510939236 6.324555320336759 22.561028345356956 57.56735185849702 39.45883931389772 53.600373133029585 0.0 65.92419889539804 44.01136216933077 40.01249804748511 54.57105459856901 81.58431221748455 95.26804291051643 91.58602513484249 77.87810988975015 29.410882339705484 58.249463516842795 81.93289937503738 60.41522986797286 94.87360012142472 66.48308055437865 89.81091247727082 4.47213595499958 70.03570517957252 85.44003745317531 109.34349546269316 68.73136110975832 10.63014581273465 49.678969393496885 60.8276253029822 89.69392398596462 70.21395872616783 66.06814663663572 10.0 38.01315561749642 104.1393297462587 65.92419889539804 0.0 92.76313923105448 89.8276126811795 38.8329756778952 78.77182237323191 5.385164807134504 16.64331697709324 53.85164807134504 81.98780397107853 38.62641583165593 34.92849839314596 36.6742416417845 15.556349186104045 26.40075756488817 36.6742416417845 91.21951545584969 57.42821606144492 40.162171256046406 17.0 52.009614495783374 103.39245620450265 43.139309220245984 59.033888572581766 17.88854381999832 38.01315561749642 66.12110101926616 82.80700453464067 55.17245689653489 11.40175425099138 44.01136216933077 92.76313923105448 0.0 4.0 62.26556030423239 79.42921376924235 9.219544457292887 19.1049731745428 50.0 80.06247560499239 34.92849839314596 36.05551275463989 35.11409973215888 18.601075237738275 23.345235059857504 38.58756276314948 88.41379982785493 53.46026561849464 41.6293165929973 20.615528128088304 52.08646657242167 100.44899203078147 40.36087214122113 55.036351623268054 20.0 34.0147027033899 62.12889826803627 79.90619500389191 52.49761899362675 14.7648230602334 40.01249804748511 89.8276126811795 4.0 0.0 60.37383539249432 48.373546489791295 63.245553203367585 56.568542494923804 71.16881339463234 19.72308292331602 40.311288741492746 43.829214001622255 25.80697580112788 60.108235708594876 39.293765408777 51.478150704935004 35.4400902933387 66.30987860040162 46.8187996428785 77.20103626247513 30.066592756745816 48.38388161361178 24.0 59.0592922409336 54.45181356024793 55.44366510251645 67.7421582177598 30.066592756745816 15.652475842498529 72.94518489934754 54.57105459856901 38.8329756778952 62.26556030423239 60.37383539249432 0.0

rob_x  18 90 14 33 26 26 47 51 48 23 72 85 49 6 64 67 46 12 90 63 74 90 76 27 45 60 76 13 84 89
rob_y  58 50 68 6 42 22 80 59 20 0 20 30 16 77 91 87 61 38 91 74 41 89 28 83 42 24 26 51 82 56
rob_vel  1.1373175112850533 1.8298974325831394 0.30327964723396494 1.6470399672717302 0.5742630420142025 0.35207819544887 1.0242325619480717 1.3884991645026725 2.1412083999913727 1.506905395454097 0.4816016399676834 2.4253559754824727 1.5596810645228552 0.6177271104846906 0.7246382476717378 0.8581706982567991 1.0043405697029384 1.628766831652417 1.0935740688249076 0.6355259408650669 0.41176145997989605 0.30250796522579587 2.2148027515012516 2.0107334060361435 1.1392241346189245 2.055163709917724 0.1098570300237281 1.6954928955660953 1.1917774180834637 0.40281763392270437
rob_abi  0.015415676113180444 0.008670288697908075 0.014734225639096779 0.012950006268483104 0.01677808787942203 0.017857088945359655 0.016697385640566643 0.018023040859747846 0.01276912124813993 0.002952089871987804 0.016823494289239467 0.015988062119156092 0.015137232537347674 0.012376708950840769 0.01180749138276507 0.017083433113001343 0.00123886433449663 0.005050658321350319 0.017758034544226375 0.001164385479088974 0.015077540617458616 0.001014406499575773 0.01049033248740038 0.014544645334513995 0.013791267888848472 0.0023817102193990805 0.014497119476857303 0.0030299290446168746 0.010901756739448449 0.015975077222865244

tsk_x  96 20 32 4 89 32 52 51 29 34 51 82 11 56 10 70 87 48 20 34 17 14 74 58 11 19 80 18 18 72
tsk_y  6 12 8 69 58 53 9 33 6 38 1 82 74 4 2 18 94 48 76 9 55 83 78 55 8 61 86 17 21 48
tsk_rat  0.018680826164602406 0.0018037541393950485 0.014664599210325127 0.009010119191358272 0.012129229393562216 0.004173619572573615 0.011957538018969769 0.0018988217697261467 0.005428142548029982 0.0058903596150841975 0.004393398210105288 0.000460955031712551 0.013476365490397007 0.0036854131377366418 0.01704931279308579 0.013939863294842803 0.007926809962762637 0.003907737316575295 0.010991983402400537 0.012659116945586362 0.011687768772909356 0.017263842241657164 0.007870524794405153 0.01721487611045428 0.0003997380384734139 0.0017702332576687474 0.011333205675604205 0.01109323689106143 0.007162533363208413 0.01458151580454953
tsk_state  1.1946640240978177 0.2540708152184027 0.8250575954839442 0.511592124171187 0.628342055030488 0.17439692461289005 1.1164210081086021 1.010060474669989 0.46865058798541154 0.9871895273782311 0.7844221837520364 0.8705051746341103 0.42313266388213494 0.8738498011563286 0.8316087271359976 0.19073011181575597 0.3837437108815985 0.8740786085723601 1.0109355799242945 0.7505038212911337 0.7015213685256326 0.3609556149756977 0.2677031461639139 0.8499202104042353 0.5298402197619961 0.12746607085204914 0.11456339259471493 1.1571518429426229 1.1264098401354108 0.8584900697028757
